nodeID  	 x-coordinate  	y-coordinate
6304	471	136
6303	468	147
6302	464	149
6301	465	149
6300	464	149
6299	464	117
6298	464	117
6297	464	119
6296	468	131
6295	426	166
6294	431	163
6293	454	81
6292	447	78
6291	486	134
6290	486	133
6289	414	116
6288	463	89
6287	464	88
6286	466	90
6285	464	88
6284	466	89
6283	465	89
6282	465	89
6281	463	88
6280	452	117
6279	454	116
6278	454	116
6277	455	101
6276	453	118
6275	452	118
6274	469	109
6273	465	93
6272	465	91
6271	462	91
6270	465	91
6269	465	91
6268	465	91
6267	464	91
6266	464	92
6265	463	97
6264	463	92
6263	463	91
6262	463	94
6261	466	91
6260	458	84
6259	463	83
6258	509	91
6257	510	91
6256	510	91
6255	510	91
6254	510	94
6253	510	91
6252	510	90
6251	511	88
6250	434	108
6249	431	105
6248	435	114
6247	430	105
6246	426	99
6245	432	94
6244	445	131
6243	445	131
6242	446	131
6241	444	132
6240	420	81
6239	449	126
6238	406	148
6237	401	165
6236	401	165
6235	436	187
6234	440	188
6233	442	189
6232	441	189
6231	441	189
6230	516	31
6229	516	31
6228	515	35
6227	515	35
6226	515	35
6225	517	33
6224	517	33
6223	515	35
6222	519	43
6221	519	42
6220	520	41
6219	520	41
6218	520	41
6217	512	27
6216	512	27
6215	513	27
6214	513	26
6213	512	24
6212	514	28
6211	514	28
6210	512	30
6209	512	26
6208	512	26
6207	512	27
6206	512	30
6205	515	30
6204	515	30
6203	464	41
6202	455	24
6201	457	29
6200	455	24
6199	462	36
6198	463	40
6197	461	41
6196	463	38
6195	462	41
6194	462	40
6193	462	43
6192	464	43
6191	463	43
6190	463	47
6189	463	48
6188	466	47
6187	466	48
6186	464	43
6185	460	31
6184	460	32
6183	474	33
6182	469	27
6181	474	29
6180	474	27
6179	469	26
6178	474	13
6177	475	8
6176	465	33
6175	469	17
6174	467	27
6173	468	25
6172	468	22
6171	514	50
6170	514	50
6169	512	49
6168	513	49
6167	514	50
6166	513	57
6165	516	50
6164	517	51
6163	517	51
6162	517	52
6161	520	53
6160	517	52
6159	520	58
6158	520	55
6157	520	55
6156	431	177
6155	430	175
6154	420	162
6153	419	159
6152	427	173
6151	419	168
6150	419	168
6149	421	167
6148	419	168
6147	418	169
6146	421	167
6145	421	168
6144	420	166
6143	418	167
6142	421	167
6141	421	167
6140	418	169
6139	419	100
6138	422	120
6137	418	117
6136	524	101
6135	530	105
6134	528	105
6133	532	101
6132	532	101
6131	525	102
6130	523	78
6129	523	86
6128	523	86
6127	523	78
6126	523	76
6125	542	88
6124	522	101
6123	536	113
6122	534	111
6121	534	111
6120	521	100
6119	536	112
6118	412	134
6117	411	133
6116	410	133
6115	412	134
6114	414	134
6113	418	135
6112	453	154
6111	431	177
6110	406	174
6109	485	54
6108	483	53
6107	480	62
6106	480	62
6105	480	63
6104	480	62
6103	480	64
6102	480	61
6101	481	55
6100	481	55
6099	481	56
6098	481	57
6097	481	57
6096	481	58
6095	481	58
6094	480	59
6093	480	60
6092	480	60
6091	481	55
6090	481	55
6089	481	54
6088	481	57
6087	480	58
6086	480	58
6085	481	57
6084	481	57
6083	480	58
6082	481	58
6081	480	59
6080	480	59
6079	482	52
6078	480	58
6077	480	58
6076	480	64
6075	478	38
6074	477	56
6073	477	56
6072	470	95
6071	466	91
6070	480	64
6069	480	65
6068	480	66
6067	480	66
6066	477	93
6065	464	82
6064	464	82
6063	484	69
6062	486	72
6061	486	72
6060	486	73
6059	486	72
6058	487	73
6057	480	67
6056	481	67
6055	487	74
6054	487	73
6053	487	73
6052	483	69
6051	481	67
6050	481	67
6049	482	68
6048	483	69
6047	482	69
6046	484	69
6045	484	69
6044	483	69
6043	481	68
6042	481	68
6041	466	90
6040	467	91
6039	489	41
6038	495	46
6037	495	45
6036	492	45
6035	496	46
6034	496	52
6033	503	102
6032	502	102
6031	499	88
6030	504	88
6029	499	88
6028	502	98
6027	507	87
6026	515	120
6025	515	120
6024	514	120
6023	515	120
6022	516	120
6021	515	121
6020	514	119
6019	515	120
6018	505	103
6017	506	103
6016	507	104
6015	506	87
6014	506	87
6013	514	102
6012	514	99
6011	514	99
6010	514	101
6009	511	78
6008	247	265
6007	266	267
6006	267	267
6005	261	264
6004	327	253
6003	333	261
6002	328	254
6001	335	262
6000	343	262
5999	343	262
5998	353	286
5997	328	254
5996	351	261
5995	337	249
5994	277	255
5993	277	254
5992	283	269
5991	280	267
5990	277	281
5989	392	210
5988	392	211
5987	392	211
5986	391	210
5985	212	332
5984	212	333
5983	221	345
5982	222	338
5981	222	338
5980	222	339
5979	221	344
5978	222	340
5977	272	300
5976	272	300
5975	262	304
5974	262	304
5973	262	304
5972	263	287
5971	404	202
5970	393	196
5969	396	197
5968	400	201
5967	394	196
5966	200	300
5965	203	303
5964	204	303
5963	200	300
5962	381	230
5961	390	231
5960	395	226
5959	395	227
5958	394	217
5957	392	230
5956	392	230
5955	273	235
5954	278	234
5953	281	232
5952	279	233
5951	277	234
5950	278	235
5949	278	235
5948	269	246
5947	269	246
5946	255	252
5945	255	252
5944	262	245
5943	257	252
5942	259	255
5941	257	253
5940	256	252
5939	262	243
5938	266	243
5937	266	243
5936	265	240
5935	266	242
5934	262	240
5933	263	259
5932	260	256
5931	262	261
5930	254	248
5929	255	250
5928	271	250
5927	263	253
5926	262	241
5925	265	241
5924	265	241
5923	266	243
5922	262	251
5921	265	243
5920	267	254
5919	265	244
5918	264	244
5917	264	243
5916	266	245
5915	263	250
5914	263	250
5913	159	325
5912	170	310
5911	156	319
5910	172	315
5909	175	316
5908	215	278
5907	220	264
5906	348	188
5905	347	187
5904	346	187
5903	350	189
5902	182	293
5901	199	317
5900	206	323
5899	200	318
5898	196	316
5897	201	319
5896	207	307
5895	193	314
5894	194	315
5893	191	312
5892	192	313
5891	187	313
5890	264	329
5889	264	326
5888	274	281
5887	269	281
5886	272	277
5885	273	282
5884	268	284
5883	272	251
5882	274	251
5881	273	250
5880	280	271
5879	275	270
5878	276	270
5877	277	270
5876	280	271
5875	274	253
5874	275	254
5873	275	254
5872	273	252
5871	280	268
5870	279	259
5869	279	259
5868	397	178
5867	395	179
5866	396	180
5865	395	179
5864	397	178
5863	397	178
5862	397	178
5861	396	180
5860	396	178
5859	397	180
5858	400	177
5857	400	177
5856	350	261
5855	254	315
5854	253	315
5853	253	315
5852	228	289
5851	228	289
5850	221	280
5849	218	328
5848	215	326
5847	239	344
5846	237	342
5845	237	342
5844	229	335
5843	227	335
5842	222	338
5841	239	317
5840	251	310
5839	251	309
5838	240	318
5837	249	311
5836	247	309
5835	250	311
5834	242	307
5833	245	309
5832	248	314
5831	248	314
5830	225	307
5829	232	313
5828	235	315
5827	224	332
5826	232	293
5825	239	305
5824	229	311
5823	234	295
5822	273	249
5821	222	268
5820	235	254
5819	222	268
5818	222	266
5817	190	347
5816	189	338
5815	190	346
5814	189	340
5813	370	262
5812	373	265
5811	367	263
5810	330	206
5809	329	206
5808	335	210
5807	335	210
5806	324	202
5805	319	199
5804	329	221
5803	319	201
5802	331	223
5801	330	221
5800	348	224
5799	348	224
5798	346	223
5797	354	227
5796	354	227
5795	358	229
5794	334	223
5793	361	232
5792	362	232
5791	363	231
5790	356	237
5789	361	232
5788	360	232
5787	361	231
5786	361	231
5785	369	228
5784	370	229
5783	377	227
5782	364	228
5781	365	224
5780	365	223
5779	391	191
5778	390	191
5777	386	189
5776	388	190
5775	386	188
5774	383	183
5773	383	183
5772	384	185
5771	384	184
5770	391	181
5769	384	184
5768	384	184
5767	384	184
5766	384	183
5765	384	183
5764	384	183
5763	388	182
5762	389	183
5761	362	154
5760	363	158
5759	363	156
5758	362	154
5757	362	154
5756	367	161
5755	371	167
5754	358	185
5753	359	187
5752	364	189
5751	296	288
5750	301	319
5749	298	311
5748	302	322
5747	292	302
5746	292	302
5745	302	322
5744	302	321
5743	307	288
5742	318	292
5741	306	331
5740	299	264
5739	298	265
5738	294	266
5737	298	263
5736	298	264
5735	297	265
5734	295	266
5733	295	266
5732	294	268
5731	295	267
5730	297	264
5729	297	269
5728	294	267
5727	296	270
5726	293	269
5725	293	262
5724	292	244
5723	292	255
5722	292	260
5721	292	237
5720	288	266
5719	287	266
5718	313	241
5717	305	240
5716	303	239
5715	308	241
5714	298	238
5713	289	227
5712	288	228
5711	293	278
5710	294	276
5709	294	276
5708	294	279
5707	293	278
5706	292	278
5705	292	278
5704	295	276
5703	293	270
5702	292	276
5701	293	271
5700	292	276
5699	292	276
5698	290	276
5697	292	276
5696	292	276
5695	292	276
5694	292	278
5693	290	276
5692	290	276
5691	290	276
5690	292	275
5689	292	275
5688	292	275
5687	292	275
5686	292	278
5685	292	278
5684	292	274
5683	292	274
5682	306	275
5681	298	275
5680	299	275
5679	299	275
5678	298	275
5677	283	269
5676	284	271
5675	284	272
5674	286	273
5673	286	274
5672	279	274
5671	280	273
5670	279	287
5669	279	287
5668	279	287
5667	277	301
5666	284	291
5665	284	291
5664	282	293
5663	284	291
5662	284	276
5661	287	278
5660	277	280
5659	286	279
5658	285	279
5657	288	277
5656	287	278
5655	287	277
5654	295	281
5653	286	289
5652	291	281
5651	291	280
5650	289	281
5649	291	280
5648	293	281
5647	293	280
5646	262	630
5645	265	630
5644	265	624
5643	273	617
5642	272	617
5641	263	625
5640	263	624
5639	263	622
5638	262	621
5637	263	621
5636	261	624
5635	260	628
5634	261	628
5633	276	625
5632	277	627
5631	279	628
5630	269	625
5629	267	627
5628	275	656
5627	269	625
5626	268	625
5625	274	631
5624	277	632
5623	253	628
5622	259	626
5621	258	633
5620	237	622
5619	238	622
5618	241	628
5617	242	629
5616	252	607
5615	252	607
5614	252	590
5613	254	586
5612	249	581
5611	251	585
5610	249	607
5609	247	606
5608	252	607
5607	420	645
5606	421	650
5605	281	636
5604	285	633
5603	282	634
5602	289	636
5601	289	636
5600	280	638
5599	279	634
5598	287	643
5597	288	644
5596	298	639
5595	296	638
5594	297	635
5593	292	643
5592	291	626
5591	289	626
5590	280	624
5589	280	624
5588	283	613
5587	291	630
5586	289	633
5585	288	634
5584	288	634
5583	286	633
5582	286	633
5581	287	633
5580	288	634
5579	300	625
5578	296	625
5577	296	625
5576	296	626
5575	301	627
5574	300	626
5573	300	625
5572	297	619
5571	295	625
5570	295	625
5569	297	618
5568	297	619
5567	296	624
5566	300	628
5565	300	625
5564	300	625
5563	297	619
5562	297	620
5561	295	625
5560	297	627
5559	303	611
5558	303	612
5557	302	605
5556	303	615
5555	303	611
5554	303	615
5553	307	609
5552	307	614
5551	312	622
5550	303	619
5549	307	622
5548	308	622
5547	308	623
5546	294	621
5545	294	626
5544	293	626
5543	291	624
5542	294	628
5541	279	610
5540	280	610
5539	296	616
5538	294	621
5537	298	638
5536	299	630
5535	299	630
5534	302	626
5533	298	634
5532	298	633
5531	298	637
5530	294	629
5529	303	626
5528	298	639
5527	298	639
5526	301	632
5525	299	630
5524	304	632
5523	304	632
5522	302	624
5521	303	633
5520	303	632
5519	303	623
5518	304	623
5517	305	626
5516	307	623
5515	304	626
5514	305	625
5513	304	626
5512	318	579
5511	308	585
5510	310	582
5509	314	566
5508	318	557
5507	305	591
5506	314	565
5505	313	581
5504	310	578
5503	310	578
5502	311	579
5501	310	583
5500	393	641
5499	397	641
5498	394	641
5497	402	644
5496	400	644
5495	390	642
5494	391	639
5493	387	641
5492	391	640
5491	392	641
5490	393	633
5489	392	641
5488	396	641
5487	385	630
5486	383	628
5485	383	628
5484	381	626
5483	378	626
5482	386	630
5481	385	647
5480	380	636
5479	383	638
5478	383	638
5477	370	639
5476	395	653
5475	399	634
5474	397	639
5473	403	645
5472	409	648
5471	406	646
5470	413	652
5469	410	648
5468	412	633
5467	413	662
5466	414	652
5465	272	598
5464	274	598
5463	260	587
5462	264	590
5461	267	592
5460	269	594
5459	270	594
5458	273	598
5457	273	598
5456	355	601
5455	354	600
5454	347	600
5453	347	600
5452	345	599
5451	350	595
5450	348	600
5449	348	600
5448	345	598
5447	336	596
5446	342	602
5445	342	602
5444	342	602
5443	343	602
5442	340	595
5441	345	599
5440	351	604
5439	348	603
5438	344	599
5437	344	600
5436	347	602
5435	337	564
5434	327	626
5433	327	626
5432	329	642
5431	328	642
5430	326	637
5429	330	629
5428	325	621
5427	331	622
5426	337	564
5425	343	624
5424	377	626
5423	374	625
5422	372	623
5421	369	622
5420	363	616
5419	362	616
5418	362	616
5417	371	614
5416	364	610
5415	361	605
5414	360	605
5413	360	605
5412	358	604
5411	358	603
5410	400	614
5409	403	615
5408	400	614
5407	404	597
5406	403	596
5405	409	596
5404	239	608
5403	239	608
5402	240	609
5401	303	650
5400	302	649
5399	303	650
5398	303	650
5397	302	649
5396	301	649
5395	301	649
5394	312	653
5393	311	653
5392	307	652
5391	307	652
5390	305	651
5389	313	658
5388	314	654
5387	314	654
5386	299	669
5385	300	647
5384	298	663
5383	298	664
5382	298	663
5381	298	666
5380	299	645
5379	299	646
5378	301	650
5377	298	651
5376	299	651
5375	300	650
5374	299	644
5373	329	586
5372	329	586
5371	332	589
5370	324	581
5369	330	589
5368	329	586
5367	328	587
5366	328	587
5365	328	587
5364	302	605
5363	303	600
5362	302	600
5361	320	599
5360	249	650
5359	250	651
5358	252	654
5357	257	651
5356	268	659
5355	266	656
5354	265	655
5353	244	637
5352	272	653
5351	263	651
5350	252	627
5349	257	663
5348	240	654
5347	246	646
5346	240	654
5345	270	660
5344	282	662
5343	275	656
5342	276	663
5341	272	670
5340	275	663
5339	275	663
5338	277	672
5337	275	666
5336	433	654
5335	432	654
5334	434	655
5333	434	654
5332	433	654
5331	431	654
5330	437	655
5329	430	653
5328	422	645
5327	422	645
5326	426	649
5325	425	648
5324	426	649
5323	435	655
5322	434	655
5321	433	661
5320	430	628
5319	435	655
5318	435	655
5317	437	655
5316	439	656
5315	428	670
5314	435	675
5313	295	659
5312	294	659
5311	296	661
5310	296	660
5309	296	661
5308	299	644
5307	291	657
5306	297	652
5305	297	652
5304	297	645
5303	299	644
5302	298	645
5301	298	644
5300	297	652
5299	297	652
5298	297	652
5297	297	671
5296	297	668
5295	291	660
5294	295	588
5293	307	585
5292	288	564
5291	288	564
5290	287	564
5289	287	564
5288	287	564
5287	303	585
5286	289	562
5285	289	562
5284	305	591
5283	307	585
5282	289	565
5281	301	575
5280	306	578
5279	299	574
5278	298	573
5277	304	577
5276	302	577
5275	301	583
5274	300	583
5273	300	582
5272	290	561
5271	289	561
5270	249	564
5269	286	563
5268	283	561
5267	283	562
5266	282	561
5265	285	563
5264	285	564
5263	285	563
5262	281	562
5261	286	560
5260	286	560
5259	285	564
5258	285	565
5257	286	563
5256	284	560
5255	286	564
5254	285	563
5253	285	563
5252	287	560
5251	286	563
5250	260	575
5249	259	575
5248	265	563
5247	274	584
5246	281	564
5245	281	564
5244	280	567
5243	290	582
5242	284	584
5241	292	584
5240	293	572
5239	286	569
5238	287	569
5237	286	569
5236	287	568
5235	292	585
5234	286	568
5233	283	580
5232	281	583
5231	282	583
5230	316	620
5229	316	620
5228	311	620
5227	312	618
5226	312	620
5225	313	620
5224	212	630
5223	215	633
5222	215	633
5221	213	631
5220	239	633
5219	241	637
5218	240	634
5217	218	632
5216	215	629
5215	213	630
5214	218	632
5213	219	633
5212	217	636
5211	238	647
5210	218	632
5209	231	626
5208	234	629
5207	225	632
5206	223	639
5205	224	647
5204	223	645
5203	223	646
5202	229	649
5201	214	642
5200	208	634
5199	220	642
5198	207	638
5197	108	453
5196	108	453
5195	107	451
5194	107	450
5193	115	445
5192	120	451
5191	121	452
5190	40	456
5189	39	456
5188	38	443
5187	27	402
5186	29	404
5185	33	404
5184	36	421
5183	36	421
5182	23	399
5181	25	401
5180	29	404
5179	55	412
5178	46	413
5177	56	412
5176	56	413
5175	28	420
5174	29	422
5173	13	404
5172	14	404
5171	14	404
5170	15	406
5169	36	420
5168	41	423
5167	44	424
5166	36	421
5165	39	419
5164	38	419
5163	44	424
5162	168	421
5161	166	427
5160	167	421
5159	166	423
5158	167	424
5157	166	424
5156	166	429
5155	167	428
5154	32	443
5153	32	443
5152	35	444
5151	35	444
5150	26	446
5149	26	446
5148	41	440
5147	41	440
5146	38	443
5145	38	442
5144	37	455
5143	37	454
5142	37	454
5141	106	556
5140	106	556
5139	100	553
5138	101	552
5137	101	551
5136	102	548
5135	102	548
5134	106	541
5133	103	546
5132	103	565
5131	105	531
5130	107	527
5129	106	528
5128	106	535
5127	106	528
5126	106	530
5123	93	579
5122	97	537
5121	97	536
5120	96	557
5119	96	559
5118	79	408
5117	77	405
5116	79	407
5115	77	405
5114	77	407
5113	73	405
5112	71	402
5111	75	405
5110	70	402
5109	69	412
5108	71	413
5107	81	407
5106	79	407
5105	79	408
5104	105	566
5103	127	534
5102	111	564
5101	110	562
5100	110	561
5099	108	558
5098	111	546
5097	109	557
5096	116	544
5095	116	544
5094	113	566
5093	126	531
5092	125	526
5091	122	535
5090	123	536
5089	124	529
5088	124	529
5087	124	528
5086	121	533
5085	122	532
5084	125	529
5083	120	528
5082	119	532
5081	33	466
5080	33	466
5079	49	530
5078	54	520
5077	53	520
5076	51	491
5075	50	490
5074	48	493
5073	53	502
5072	53	502
5071	108	385
5070	108	387
5069	108	387
5068	109	385
5067	108	389
5066	101	382
5065	101	382
5064	108	385
5063	94	372
5062	92	380
5061	96	381
5060	107	385
5059	108	387
5058	108	386
5057	104	375
5056	99	367
5055	58	471
5054	58	471
5053	64	479
5052	65	469
5051	64	470
5050	60	474
5049	65	470
5048	65	470
5047	141	509
5046	141	507
5045	145	512
5044	144	511
5043	143	511
5042	141	512
5041	139	512
5040	142	501
5039	145	495
5038	147	497
5037	151	511
5036	146	492
5035	145	492
5034	145	492
5033	144	494
5032	144	494
5031	144	495
5030	145	495
5029	144	499
5028	145	499
5027	145	497
5026	144	495
5025	139	499
5024	139	496
5023	141	498
5022	142	498
5021	139	496
5020	139	496
5019	141	498
5018	140	497
5017	145	491
5016	146	490
5015	144	492
5014	146	490
5013	148	484
5012	146	487
5011	146	490
5010	148	478
5009	146	491
5008	139	496
5007	140	489
5006	142	493
5005	58	437
5004	63	430
5003	56	439
5002	54	434
5001	55	438
5000	56	436
4999	56	435
4998	56	435
4997	57	435
4996	55	435
4995	55	435
4994	57	436
4993	57	436
4992	44	424
4991	45	424
4990	46	413
4989	46	413
4988	57	413
4987	65	414
4986	63	413
4985	36	480
4984	53	464
4983	128	476
4982	122	475
4981	127	483
4980	120	482
4979	120	483
4978	119	472
4977	114	471
4976	114	468
4975	122	468
4974	120	474
4973	119	472
4972	110	479
4971	109	479
4970	111	481
4969	107	478
4968	108	463
4967	105	468
4966	114	488
4965	112	489
4964	112	492
4963	114	484
4962	120	478
4961	60	441
4960	52	436
4959	53	437
4958	53	437
4957	54	437
4956	55	438
4955	46	458
4954	47	457
4953	56	439
4952	56	439
4951	55	459
4950	50	434
4949	66	441
4948	50	434
4947	48	436
4946	45	459
4945	44	459
4944	50	463
4943	78	506
4942	75	494
4941	75	494
4940	75	495
4939	79	499
4938	79	499
4937	79	498
4936	78	498
4935	78	498
4934	76	496
4933	81	498
4932	81	498
4931	76	496
4930	67	519
4929	67	519
4928	62	514
4927	59	511
4926	60	511
4925	62	514
4924	65	522
4923	66	522
4922	65	522
4921	77	526
4920	73	524
4919	75	524
4918	77	526
4917	75	522
4916	80	439
4915	80	435
4914	79	439
4913	85	430
4912	85	430
4911	82	433
4910	135	464
4909	136	463
4908	128	473
4907	133	461
4906	133	461
4905	129	474
4904	129	474
4903	109	457
4902	111	461
4901	109	457
4900	111	461
4899	124	459
4898	111	461
4897	124	460
4896	114	454
4895	114	460
4894	114	461
4893	114	454
4892	122	459
4891	111	461
4890	76	464
4889	76	464
4888	76	464
4887	224	395
4886	218	390
4885	214	369
4884	212	389
4883	214	390
4882	213	389
4881	209	386
4880	207	386
4879	212	389
4878	211	388
4877	11	470
4876	25	503
4875	21	456
4874	20	499
4873	135	499
4872	136	499
4871	136	499
4870	139	502
4869	139	502
4868	137	499
4867	134	500
4866	137	499
4865	134	500
4864	134	497
4863	134	499
4862	134	497
4861	137	498
4860	135	503
4859	81	531
4858	82	532
4857	90	575
4856	91	554
4855	92	554
4854	93	555
4853	94	555
4852	92	538
4851	93	539
4850	88	548
4849	94	538
4848	125	352
4847	0	438
4846	86	473
4845	83	475
4844	87	477
4843	88	479
4842	86	474
4841	86	471
4840	85	469
4839	83	474
4838	89	463
4837	100	465
4836	98	462
4835	98	462
4834	91	460
4833	99	464
4832	95	460
4831	89	457
4830	90	458
4829	91	470
4828	90	468
4827	91	470
4826	79	480
4825	79	480
4824	80	482
4823	79	479
4822	78	479
4821	80	478
4820	117	370
4819	102	373
4818	117	371
4817	116	371
4816	112	365
4815	112	365
4814	122	376
4813	120	375
4812	117	372
4811	117	372
4810	110	358
4809	109	355
4808	123	385
4807	123	385
4806	133	384
4805	135	378
4804	125	378
4803	128	379
4802	142	381
4801	131	381
4800	137	382
4799	136	378
4798	134	380
4797	145	422
4796	144	421
4795	144	421
4794	146	422
4793	142	419
4792	142	419
4791	149	425
4790	147	423
4789	145	403
4788	144	421
4787	145	421
4786	156	440
4785	138	414
4784	152	442
4783	155	441
4782	134	412
4781	155	441
4780	155	441
4779	171	418
4778	177	402
4777	174	397
4776	176	399
4775	182	403
4774	176	399
4773	188	402
4772	178	399
4771	179	400
4770	179	400
4769	174	397
4768	170	394
4767	172	394
4766	176	396
4765	176	396
4764	173	397
4763	174	397
4762	134	544
4761	131	548
4760	136	540
4759	136	538
4758	136	539
4757	136	539
4756	136	539
4755	133	545
4754	130	540
4753	136	539
4752	135	539
4751	136	543
4750	136	542
4749	136	541
4748	143	531
4747	146	516
4746	149	521
4745	136	540
4744	136	540
4743	124	566
4742	127	552
4741	151	527
4740	151	528
4739	138	537
4738	143	535
4737	139	532
4736	130	540
4735	117	563
4734	119	556
4733	122	553
4732	125	539
4731	125	537
4730	132	540
4729	132	540
4728	131	539
4727	135	543
4726	136	534
4725	132	539
4724	135	540
4723	131	539
4722	132	539
4721	132	539
4720	135	539
4719	132	539
4718	132	539
4717	132	539
4716	132	540
4715	140	526
4714	139	527
4713	140	526
4712	140	526
4711	139	527
4710	191	384
4709	189	387
4708	191	388
4707	193	387
4706	192	386
4705	192	386
4704	189	395
4703	193	388
4702	191	394
4701	190	386
4700	190	386
4699	193	390
4698	185	378
4697	188	385
4696	190	403
4695	196	392
4694	195	391
4693	195	391
4692	182	389
4691	186	393
4690	197	402
4689	198	372
4688	197	372
4687	197	375
4686	182	377
4685	183	377
4684	199	379
4683	203	382
4682	198	379
4681	198	380
4680	200	371
4679	199	373
4678	188	381
4677	203	370
4676	189	378
4675	198	379
4674	190	382
4673	191	383
4672	207	397
4671	203	382
4670	192	383
4669	207	397
4668	194	357
4667	194	360
4666	191	383
4665	191	383
4664	192	382
4663	194	385
4662	194	385
4661	194	384
4660	195	385
4659	194	385
4658	193	384
4657	172	477
4656	168	482
4655	165	482
4654	165	482
4653	168	482
4652	164	482
4651	172	477
4650	172	476
4649	171	477
4648	173	481
4647	181	487
4646	179	487
4645	171	453
4644	168	453
4643	182	477
4642	175	481
4641	175	480
4640	175	481
4639	167	452
4638	155	489
4637	156	491
4636	156	487
4635	153	483
4634	157	491
4633	152	483
4632	149	489
4631	153	486
4630	155	486
4629	155	486
4628	155	486
4627	149	490
4626	155	488
4625	155	489
4624	154	489
4623	150	490
4622	150	489
4621	152	487
4620	152	487
4619	152	486
4618	159	505
4617	163	504
4616	162	504
4615	159	485
4614	159	485
4613	57	385
4612	60	391
4611	61	395
4610	61	394
4609	57	387
4608	64	395
4607	63	395
4606	93	486
4605	106	492
4604	93	486
4603	93	486
4602	102	495
4601	97	488
4600	97	488
4599	111	488
4598	111	486
4597	105	469
4596	107	477
4595	106	474
4594	104	468
4593	102	477
4592	109	488
4591	92	478
4590	106	486
4589	103	468
4588	103	468
4587	95	484
4586	95	484
4585	102	478
4584	104	486
4583	103	487
4582	102	487
4581	93	487
4580	91	489
4579	93	488
4578	92	490
4577	92	487
4576	91	489
4575	91	489
4574	95	490
4573	93	491
4572	91	492
4571	92	487
4570	93	487
4569	98	492
4568	89	502
4567	89	499
4566	101	494
4565	105	497
4564	99	493
4563	90	486
4562	89	490
4561	80	509
4560	84	509
4559	85	499
4558	92	485
4557	90	490
4556	90	490
4555	91	486
4554	89	490
4553	87	512
4552	152	396
4551	152	397
4550	146	385
4549	165	412
4548	164	411
4547	157	393
4546	161	424
4545	155	410
4544	155	409
4543	162	407
4542	68	553
4541	72	549
4540	74	549
4539	81	546
4538	76	542
4537	75	541
4536	84	548
4535	81	545
4534	76	536
4533	76	542
4532	76	538
4531	71	441
4530	69	441
4529	69	441
4528	73	442
4527	72	442
4526	72	443
4525	68	443
4524	73	442
4523	70	442
4522	70	444
4521	71	444
4520	73	444
4519	75	445
4518	74	440
4517	75	438
4516	76	441
4515	77	443
4514	77	443
4513	87	456
4512	76	446
4511	79	452
4510	84	466
4509	78	453
4508	78	453
4507	82	451
4506	79	452
4505	75	450
4504	81	457
4503	81	458
4502	75	455
4501	76	454
4500	139	330
4499	139	329
4498	141	330
4497	135	322
4496	116	435
4495	124	428
4494	126	430
4493	124	424
4492	125	429
4491	124	427
4490	124	424
4489	124	424
4488	126	431
4487	126	431
4486	126	431
4485	132	398
4484	133	412
4483	133	413
4482	133	403
4481	132	403
4480	104	404
4479	105	407
4478	106	409
4477	104	404
4476	104	406
4475	106	408
4474	105	408
4473	104	404
4472	91	410
4471	104	404
4470	100	408
4469	99	408
4468	98	410
4467	98	412
4466	98	392
4465	98	392
4464	91	391
4463	93	385
4462	91	391
4461	98	418
4460	98	419
4459	102	422
4458	106	417
4457	104	418
4456	103	417
4455	101	420
4454	98	419
4453	102	421
4452	103	421
4451	101	419
4450	102	420
4449	102	420
4448	86	419
4447	83	414
4446	83	414
4445	92	424
4444	88	421
4443	90	422
4442	86	419
4441	92	424
4440	84	411
4439	83	414
4438	95	411
4437	94	413
4436	92	411
4435	94	413
4434	93	412
4433	92	410
4432	98	423
4431	93	410
4430	93	410
4429	99	424
4428	107	412
4427	107	412
4426	108	409
4425	108	409
4424	108	409
4423	109	408
4422	108	409
4421	108	409
4420	108	411
4419	108	409
4418	107	413
4417	107	414
4416	107	413
4415	110	416
4414	108	412
4413	108	412
4412	108	412
4411	108	412
4410	108	412
4409	107	404
4408	109	400
4407	106	410
4406	102	413
4405	123	396
4404	120	399
4403	114	406
4402	113	407
4401	116	404
4400	102	413
4399	104	414
4398	104	414
4397	107	415
4396	107	415
4395	107	403
4394	107	402
4393	106	416
4392	106	416
4391	107	416
4390	107	416
4389	109	417
4388	106	430
4387	106	429
4386	107	426
4385	106	428
4384	101	424
4383	100	424
4382	98	425
4381	96	429
4380	98	426
4379	94	427
4378	107	419
4377	106	419
4376	106	417
4375	111	416
4374	108	419
4373	105	419
4372	106	420
4371	109	417
4370	109	418
4369	105	419
4368	106	418
4367	108	419
4366	108	419
4365	108	419
4364	107	417
4363	108	426
4362	108	423
4361	108	423
4360	106	417
4359	105	417
4358	106	417
4357	104	444
4356	104	444
4355	105	447
4354	105	448
4353	105	447
4352	113	425
4351	112	419
4350	111	417
4349	124	418
4348	119	416
4347	111	416
4346	112	416
4345	119	418
4344	120	418
4343	108	431
4342	119	416
4341	119	417
4340	125	395
4339	124	408
4338	125	389
4337	133	394
4336	119	403
4335	117	403
4334	122	401
4333	127	401
4332	126	400
4331	122	401
4330	120	403
4329	165	364
4328	161	352
4327	155	361
4326	163	364
4325	164	363
4324	164	363
4323	160	359
4322	159	364
4321	164	361
4320	163	357
4319	160	365
4318	163	364
4317	163	364
4316	164	363
4315	160	325
4314	128	354
4313	165	386
4312	165	386
4311	159	374
4310	159	366
4309	160	368
4308	166	389
4307	136	359
4306	142	362
4305	140	361
4304	135	359
4303	133	358
4302	150	372
4301	149	371
4300	111	516
4299	111	515
4298	110	520
4297	108	512
4296	106	522
4295	108	520
4294	108	512
4293	106	515
4292	133	513
4291	123	523
4290	131	518
4289	136	521
4288	133	514
4287	133	514
4286	140	521
4285	139	521
4284	136	521
4283	123	516
4282	135	514
4281	139	515
4280	125	518
4279	122	521
4278	126	518
4277	126	518
4276	126	518
4275	123	520
4274	125	522
4273	130	514
4272	128	515
4271	123	516
4270	126	516
4269	126	515
4268	112	510
4267	112	511
4266	110	505
4265	113	501
4264	113	501
4263	111	505
4262	106	513
4261	108	508
4260	108	508
4259	112	505
4258	108	501
4257	110	504
4256	111	504
4255	107	499
4254	112	501
4253	113	502
4252	113	502
4251	113	500
4250	112	505
4249	111	505
4248	112	505
4247	112	504
4246	112	493
4245	113	494
4244	114	498
4243	116	492
4242	109	489
4241	111	489
4240	113	502
4239	115	506
4238	114	501
4237	110	489
4236	111	490
4235	115	501
4234	119	519
4233	119	519
4232	121	518
4231	120	528
4230	119	531
4229	121	518
4228	122	518
4227	121	524
4226	119	519
4225	119	519
4224	119	518
4223	119	514
4222	119	514
4221	119	513
4220	119	512
4219	119	512
4218	116	512
4217	112	512
4216	115	517
4215	115	517
4214	116	511
4213	113	514
4212	113	514
4211	113	516
4210	113	514
4209	112	513
4208	116	513
4207	107	526
4206	121	522
4205	110	521
4204	108	525
4203	120	522
4202	122	516
4201	123	514
4200	123	510
4199	120	512
4198	124	505
4197	123	513
4196	123	512
4195	120	511
4194	121	511
4193	120	511
4192	120	515
4191	121	514
4190	133	512
4189	129	505
4188	134	511
4187	126	508
4186	126	509
4185	132	511
4184	137	511
4183	137	509
4182	136	511
4181	130	512
4180	130	513
4179	128	504
4178	127	504
4177	128	506
4176	126	509
4175	126	514
4174	126	514
4173	134	511
4172	133	511
4171	134	509
4170	126	514
4169	126	513
4168	126	514
4167	130	512
4166	136	507
4165	128	506
4164	130	512
4163	141	507
4162	137	504
4161	138	504
4160	136	505
4159	135	506
4158	132	504
4157	141	507
4156	140	506
4155	138	505
4154	126	501
4153	128	499
4152	126	500
4151	128	500
4150	135	504
4149	129	497
4148	118	505
4147	119	504
4146	118	501
4145	118	500
4144	118	503
4143	119	503
4142	118	503
4141	118	502
4140	117	500
4139	117	500
4138	118	502
4137	116	500
4136	116	500
4135	124	499
4134	125	497
4133	124	498
4132	125	492
4131	126	491
4130	127	494
4129	127	494
4128	127	495
4127	127	495
4126	125	492
4125	125	493
4124	125	492
4123	125	497
4122	125	497
4121	126	495
4120	125	497
4119	126	496
4118	125	500
4117	124	500
4116	119	495
4115	118	494
4114	118	494
4113	118	494
4112	117	496
4111	126	490
4110	123	501
4109	120	504
4108	126	490
4107	130	489
4106	131	489
4105	128	484
4104	120	504
4103	129	485
4102	125	487
4101	118	496
4100	117	497
4099	118	507
4098	118	509
4097	117	510
4096	117	510
4095	116	506
4094	117	508
4093	117	510
4092	116	504
4091	116	505
4090	115	505
4089	118	508
4088	119	508
4087	118	508
4086	118	506
4085	117	506
4084	117	506
4083	117	506
4082	117	506
4081	117	504
4080	118	507
4079	118	508
4078	118	510
4077	118	509
4076	118	509
4075	116	507
4074	119	507
4073	116	507
4072	116	506
4071	117	509
4070	118	509
4069	117	508
4068	117	507
4067	117	509
4066	118	509
4065	117	510
4064	118	509
4063	117	506
4062	117	507
4061	114	510
4060	115	511
4059	120	511
4058	119	512
4057	119	509
4056	119	510
4055	119	510
4054	119	510
4053	119	510
4052	119	509
4051	118	512
4050	118	511
4049	119	506
4048	119	511
4047	119	511
4046	118	511
4045	119	506
4044	119	506
4043	467	670
4042	468	670
4041	472	695
4040	456	686
4039	466	669
4038	482	625
4037	481	618
4036	550	609
4035	520	504
4034	524	508
4033	520	503
4032	531	509
4031	533	510
4030	549	509
4029	547	508
4028	544	422
4027	551	422
4026	661	504
4025	655	495
4024	657	496
4023	659	512
4022	661	512
4021	656	509
4020	656	509
4019	656	509
4018	656	509
4017	661	513
4016	648	421
4015	649	424
4014	451	623
4013	554	532
4012	556	533
4011	556	533
4010	552	530
4009	557	533
4008	557	533
4007	551	510
4006	563	507
4005	568	512
4004	544	521
4003	563	535
4002	695	570
4001	686	559
4000	685	560
3999	686	560
3998	687	559
3997	692	574
3996	700	576
3995	618	594
3994	597	619
3993	601	619
3992	608	636
3991	671	521
3990	672	521
3989	672	521
3988	666	522
3987	672	523
3986	672	523
3985	666	522
3984	668	510
3983	668	510
3982	662	513
3981	660	477
3980	661	481
3979	660	477
3978	660	481
3977	659	470
3976	660	482
3975	660	483
3974	660	484
3973	661	484
3972	662	487
3971	664	486
3970	666	503
3969	665	501
3968	665	501
3967	666	503
3966	666	503
3965	661	504
3964	661	504
3963	663	493
3962	664	495
3961	664	495
3960	666	495
3959	665	498
3958	665	498
3957	663	496
3956	664	498
3955	664	499
3954	663	503
3953	664	499
3952	664	498
3951	660	495
3950	661	495
3949	585	603
3948	586	604
3947	583	601
3946	582	601
3945	583	601
3944	585	603
3943	585	603
3942	579	614
3941	588	604
3940	586	600
3939	586	599
3938	580	600
3937	573	614
3936	677	544
3935	677	542
3934	677	544
3933	677	545
3932	677	545
3931	677	544
3930	677	543
3929	566	585
3928	567	586
3927	567	585
3926	568	587
3925	568	587
3924	568	586
3923	568	586
3922	567	586
3921	567	586
3920	568	588
3919	568	588
3918	568	586
3917	569	588
3916	567	585
3915	566	588
3914	566	588
3913	568	588
3912	566	588
3911	573	582
3910	586	572
3909	585	556
3908	587	572
3907	587	572
3906	546	581
3905	547	582
3904	573	593
3903	572	592
3902	574	594
3901	575	593
3900	573	593
3899	575	587
3898	574	593
3897	566	585
3896	563	583
3895	571	581
3894	572	580
3893	573	575
3892	572	580
3891	573	594
3890	572	595
3889	569	597
3888	554	607
3887	564	599
3886	527	681
3885	496	696
3884	497	696
3883	511	683
3882	512	688
3881	505	692
3880	504	688
3879	645	601
3878	645	607
3877	645	608
3876	645	607
3875	648	611
3874	645	608
3873	645	608
3872	661	600
3871	630	603
3870	628	603
3869	641	619
3868	641	619
3867	641	618
3866	641	619
3865	641	618
3864	641	619
3863	680	598
3862	675	587
3861	673	591
3860	673	591
3859	673	591
3858	670	581
3857	672	582
3856	673	582
3855	668	580
3854	672	564
3853	675	565
3852	535	676
3851	690	577
3850	698	589
3849	692	578
3848	697	589
3847	697	586
3846	691	577
3845	691	577
3844	691	577
3843	691	576
3842	690	575
3841	681	571
3840	685	571
3839	689	577
3838	687	578
3837	549	619
3836	564	616
3835	551	619
3834	551	617
3833	542	626
3832	544	630
3831	544	630
3830	543	627
3829	542	616
3828	548	616
3827	537	612
3826	539	612
3825	539	636
3824	530	634
3823	547	395
3822	547	405
3821	586	642
3820	586	641
3819	586	642
3818	588	647
3817	539	492
3816	540	492
3815	558	491
3814	552	492
3813	550	487
3812	539	492
3811	528	488
3810	524	486
3809	526	487
3808	527	487
3807	528	488
3806	516	465
3805	520	475
3804	516	466
3803	517	483
3802	521	485
3801	524	485
3800	521	484
3799	518	483
3798	516	482
3797	523	485
3796	523	485
3795	518	483
3794	518	484
3793	522	485
3792	522	485
3791	523	485
3790	519	484
3789	520	484
3788	522	485
3787	522	485
3786	516	482
3785	516	482
3784	525	476
3783	522	475
3782	522	475
3781	538	497
3780	538	496
3779	533	492
3778	564	496
3777	541	498
3776	539	497
3775	538	490
3774	538	490
3773	539	491
3772	540	485
3771	538	486
3770	533	492
3769	538	496
3768	526	448
3767	523	445
3766	542	441
3765	543	439
3764	545	441
3763	545	440
3762	544	439
3761	545	440
3760	538	435
3759	538	435
3758	581	517
3757	580	518
3756	586	504
3755	580	517
3754	580	517
3753	580	517
3752	571	513
3751	572	514
3750	583	502
3749	570	498
3748	571	499
3747	574	498
3746	576	500
3745	589	489
3744	590	489
3743	592	490
3742	593	492
3741	582	479
3740	580	478
3739	571	474
3738	577	474
3737	620	478
3736	620	478
3735	601	471
3734	605	479
3733	599	467
3732	599	467
3731	614	481
3730	601	466
3729	600	471
3728	600	471
3727	601	466
3726	601	463
3725	601	462
3724	463	584
3723	463	584
3722	466	588
3721	466	588
3720	462	583
3719	466	582
3718	465	581
3717	465	581
3716	465	560
3715	465	560
3714	456	570
3713	459	574
3712	459	574
3711	458	573
3710	458	573
3709	462	577
3708	462	577
3707	460	580
3706	460	575
3705	460	575
3704	459	573
3703	462	578
3702	461	577
3701	454	571
3700	456	571
3699	456	572
3698	456	572
3697	456	572
3696	457	572
3695	456	572
3694	454	581
3693	454	583
3692	467	561
3691	473	563
3690	474	564
3689	474	564
3688	479	568
3687	469	568
3686	465	574
3685	463	575
3684	463	575
3683	464	569
3682	464	571
3681	553	655
3680	554	660
3679	556	665
3678	554	659
3677	553	655
3676	553	657
3675	553	658
3674	556	665
3673	587	544
3672	582	527
3671	583	528
3670	597	523
3669	584	528
3668	640	620
3667	638	617
3666	631	615
3665	628	607
3664	576	621
3663	573	615
3662	573	615
3661	573	615
3660	573	615
3659	573	614
3658	573	615
3657	573	615
3656	573	615
3655	573	615
3654	574	617
3653	573	616
3652	536	541
3651	528	533
3650	533	539
3649	525	533
3648	524	532
3647	524	532
3646	525	534
3645	522	527
3644	522	527
3643	543	522
3642	489	580
3641	488	582
3640	554	644
3639	555	641
3638	548	639
3637	548	638
3636	574	644
3635	571	643
3634	552	647
3633	551	647
3632	551	647
3631	552	641
3630	544	636
3629	546	638
3628	548	638
3627	549	639
3626	554	643
3625	554	641
3624	551	649
3623	551	648
3622	553	641
3621	552	645
3620	566	618
3619	538	647
3618	544	652
3617	544	652
3616	540	639
3615	497	574
3614	498	573
3613	495	579
3612	494	578
3611	494	578
3610	496	580
3609	496	580
3608	494	573
3607	493	575
3606	494	577
3605	493	575
3604	492	574
3603	494	571
3602	495	571
3601	492	573
3600	492	574
3599	497	581
3598	484	570
3597	487	572
3596	491	571
3595	500	582
3594	497	581
3593	501	582
3592	503	581
3591	492	571
3590	492	571
3589	500	574
3588	492	572
3587	492	572
3586	500	571
3585	499	572
3584	497	553
3583	495	552
3582	490	550
3581	504	574
3580	502	574
3579	499	572
3578	498	573
3577	511	582
3576	508	598
3575	508	582
3574	506	595
3573	533	511
3572	534	513
3571	532	519
3570	532	517
3569	537	514
3568	534	513
3567	631	537
3566	615	526
3565	611	523
3564	619	528
3563	620	528
3562	626	532
3561	629	532
3560	629	534
3559	629	534
3558	642	511
3557	642	511
3556	637	542
3555	636	540
3554	635	550
3553	636	541
3552	636	542
3551	636	541
3550	636	541
3549	647	541
3548	645	540
3547	645	540
3546	656	545
3545	652	543
3544	650	541
3543	646	536
3542	638	537
3541	645	534
3540	645	535
3539	645	536
3538	645	536
3537	644	537
3536	639	540
3535	643	538
3534	639	539
3533	638	538
3532	638	538
3531	662	571
3530	662	571
3529	658	567
3528	653	566
3527	656	546
3526	659	547
3525	520	668
3524	518	663
3523	464	652
3522	455	659
3521	446	680
3520	464	663
3519	463	660
3518	463	660
3517	455	667
3516	540	471
3515	509	640
3514	511	641
3513	509	640
3512	525	619
3511	526	618
3510	495	662
3509	497	657
3508	497	658
3507	496	658
3506	496	658
3505	495	658
3504	497	660
3503	496	661
3502	498	659
3501	508	673
3500	508	673
3499	498	662
3498	497	660
3497	497	657
3496	497	657
3495	494	656
3494	494	692
3493	480	700
3492	506	667
3491	499	663
3490	500	662
3489	489	647
3488	503	666
3487	494	664
3486	489	681
3485	481	670
3484	484	669
3483	606	563
3482	605	563
3481	607	563
3480	633	572
3479	566	420
3478	567	421
3477	591	390
3476	589	387
3475	590	390
3474	590	388
3473	591	396
3472	591	393
3471	591	397
3470	591	391
3469	591	392
3468	591	391
3467	589	387
3466	589	386
3465	589	386
3464	589	385
3463	589	384
3462	595	414
3461	592	408
3460	592	408
3459	592	409
3458	592	407
3457	592	412
3456	593	414
3455	593	412
3454	593	416
3453	594	418
3452	594	417
3451	592	411
3450	592	410
3449	594	416
3448	593	413
3447	593	413
3446	594	417
3445	594	417
3444	593	414
3443	592	410
3442	592	409
3441	593	415
3440	593	414
3439	593	414
3438	593	413
3437	593	412
3436	593	412
3435	592	406
3434	592	406
3433	596	413
3432	593	413
3431	594	418
3430	594	418
3429	591	398
3428	592	402
3427	592	402
3426	593	404
3425	592	404
3424	521	565
3423	516	563
3422	516	563
3421	515	563
3420	516	562
3419	516	562
3418	516	562
3417	516	561
3416	516	571
3415	519	572
3414	521	564
3413	521	565
3412	521	565
3411	517	567
3410	538	576
3409	538	575
3408	531	571
3407	527	568
3406	517	559
3405	519	583
3404	519	584
3403	537	561
3402	535	561
3401	535	561
3400	525	560
3399	524	559
3398	517	560
3397	517	560
3396	525	565
3395	524	567
3394	523	563
3393	523	561
3392	522	560
3391	523	561
3390	524	576
3389	521	574
3388	519	549
3387	536	541
3386	519	548
3385	519	550
3384	515	554
3383	515	554
3382	514	551
3381	514	554
3380	514	554
3379	526	552
3378	519	555
3377	539	558
3376	539	558
3375	526	555
3374	524	554
3373	525	555
3372	518	555
3371	518	555
3370	515	579
3369	513	577
3368	508	567
3367	516	561
3366	516	561
3365	515	563
3364	515	564
3363	515	570
3362	515	572
3361	515	580
3360	516	583
3359	515	563
3358	515	562
3357	515	563
3356	515	561
3355	514	563
3354	515	562
3353	515	562
3352	515	572
3351	513	559
3350	512	560
3349	510	562
3348	511	560
3347	511	559
3346	510	566
3345	504	548
3344	504	545
3343	504	548
3342	504	553
3341	503	544
3340	504	545
3339	504	545
3338	504	545
3337	506	547
3336	509	555
3335	509	555
3334	510	557
3333	510	556
3332	509	548
3331	511	553
3330	506	548
3329	508	549
3328	511	554
3327	506	554
3326	508	555
3325	510	546
3324	505	556
3323	505	555
3322	504	569
3321	503	569
3320	503	555
3319	505	555
3318	505	555
3317	505	555
3316	505	555
3315	507	562
3314	508	562
3313	509	562
3312	510	557
3311	510	558
3310	506	558
3309	504	561
3308	505	558
3307	512	573
3306	512	573
3305	513	574
3304	509	574
3303	516	559
3302	516	559
3301	517	559
3300	510	570
3299	513	557
3298	511	557
3297	583	259
3296	588	258
3295	595	278
3294	595	280
3293	583	258
3292	588	271
3291	594	279
3290	584	264
3289	483	211
3288	483	213
3287	477	211
3286	478	212
3285	479	212
3284	474	191
3283	474	188
3282	471	172
3281	472	176
3280	471	174
3279	474	188
3278	472	179
3277	467	162
3276	471	172
3275	467	162
3274	467	162
3273	466	157
3272	472	178
3271	469	169
3270	468	164
3269	467	162
3268	473	157
3267	474	199
3266	474	199
3265	474	203
3264	475	215
3263	475	215
3262	474	196
3261	474	203
3260	475	212
3259	474	212
3258	473	211
3257	475	212
3256	475	212
3255	473	198
3254	474	199
3253	474	199
3252	474	199
3251	468	194
3250	477	203
3249	484	176
3248	482	175
3247	475	215
3246	475	212
3245	475	212
3244	470	249
3243	470	249
3242	470	238
3241	470	247
3240	484	248
3239	470	249
3238	438	229
3237	476	245
3236	477	232
3235	476	232
3234	449	234
3233	473	230
3232	463	250
3231	472	230
3230	473	230
3229	448	212
3228	454	190
3227	457	192
3226	488	249
3225	481	245
3224	455	191
3223	449	211
3222	447	224
3219	457	231
3218	469	227
3217	468	228
3216	468	229
3215	481	209
3214	481	209
3213	481	209
3212	480	208
3211	482	211
3210	481	209
3209	480	208
3208	483	211
3207	480	207
3206	479	209
3205	479	209
3204	480	208
3203	481	208
3202	480	208
3201	480	208
3200	483	208
3199	482	209
3198	482	209
3197	483	208
3196	483	211
3195	492	186
3194	496	199
3193	494	196
3192	494	196
3191	572	209
3190	572	210
3189	565	179
3188	565	203
3187	565	203
3186	565	203
3185	569	204
3184	554	182
3183	565	177
3182	544	261
3181	540	266
3180	541	265
3179	541	265
3178	542	267
3177	542	266
3176	540	257
3175	546	257
3174	542	270
3173	542	270
3172	542	270
3171	541	270
3170	541	270
3169	541	270
3168	541	270
3167	541	270
3166	542	270
3165	545	273
3164	545	273
3163	545	273
3162	546	272
3161	546	272
3160	543	272
3159	543	272
3158	543	272
3157	543	272
3156	542	272
3155	542	272
3154	542	272
3153	543	272
3152	543	272
3151	542	272
3150	542	272
3149	543	272
3148	546	265
3147	546	269
3146	547	269
3145	545	270
3144	535	258
3143	540	258
3142	534	262
3141	535	261
3140	539	257
3139	531	266
3138	533	267
3137	532	267
3136	527	275
3135	533	255
3134	531	282
3133	531	282
3132	533	255
3131	533	255
3130	537	276
3129	537	276
3128	529	274
3127	531	282
3126	531	281
3125	534	299
3124	531	280
3123	526	276
3122	528	280
3121	543	272
3120	543	277
3119	547	281
3118	546	280
3117	547	280
3116	542	272
3115	543	272
3114	540	273
3113	540	271
3112	541	274
3111	538	266
3110	536	272
3109	539	267
3108	537	271
3107	537	273
3106	537	274
3105	540	271
3104	539	271
3103	539	271
3102	538	273
3101	540	270
3100	540	270
3099	537	274
3098	541	270
3097	541	270
3096	540	271
3095	540	271
3094	539	270
3093	548	287
3092	548	282
3091	606	243
3090	606	243
3089	604	240
3088	601	238
3087	607	244
3086	601	238
3085	600	238
3084	453	242
3083	449	240
3082	453	242
3081	461	252
3080	451	241
3079	446	238
3078	447	238
3077	548	375
3076	549	376
3075	548	375
3074	548	375
3073	549	376
3072	469	263
3071	469	260
3070	469	258
3069	469	270
3068	470	252
3067	469	260
3066	469	277
3065	474	278
3064	469	292
3063	469	286
3062	469	292
3061	469	292
3060	469	293
3059	469	292
3058	469	286
3057	469	289
3056	469	297
3055	451	227
3054	451	227
3053	447	224
3052	452	224
3051	494	254
3050	493	253
3049	494	225
3048	495	225
3047	528	250
3046	520	256
3045	520	256
3044	529	250
3043	518	257
3042	529	250
3041	530	251
3040	515	283
3039	516	282
3038	513	287
3037	517	286
3036	517	286
3035	517	286
3034	551	216
3033	556	218
3032	546	211
3031	546	211
3030	556	227
3029	538	224
3028	540	225
3027	540	224
3026	540	225
3025	543	225
3024	551	227
3023	553	227
3022	554	227
3021	554	227
3020	556	227
3019	556	227
3018	550	226
3017	551	227
3016	540	225
3015	541	225
3014	537	224
3013	537	224
3012	542	225
3011	542	225
3010	548	226
3009	549	226
3008	549	226
3007	550	226
3006	552	227
3005	552	227
3004	553	227
3003	553	227
3002	545	225
3001	545	225
3000	545	225
2999	545	225
2998	545	226
2997	560	220
2996	557	225
2995	560	223
2994	533	372
2993	523	369
2992	523	369
2991	527	372
2990	534	374
2989	605	268
2988	603	264
2987	605	262
2986	603	263
2985	599	247
2984	599	245
2983	599	245
2982	599	245
2981	600	246
2980	600	246
2979	600	245
2978	599	249
2977	597	248
2976	597	243
2975	597	243
2974	597	249
2973	595	247
2972	594	246
2971	599	252
2970	594	248
2969	594	245
2968	603	242
2967	599	251
2966	599	252
2965	595	243
2964	593	243
2963	599	251
2962	600	252
2961	593	243
2960	592	243
2959	606	253
2958	606	253
2957	601	249
2956	601	249
2955	602	253
2954	603	255
2953	600	254
2952	593	248
2951	598	254
2950	602	260
2949	596	255
2948	601	256
2947	547	310
2946	546	317
2945	545	322
2944	556	293
2943	555	298
2942	558	287
2941	558	286
2940	548	287
2939	555	332
2938	556	330
2937	555	331
2936	553	323
2935	553	326
2934	551	322
2933	550	322
2932	554	328
2931	554	328
2930	553	321
2929	634	352
2928	634	352
2927	636	356
2926	632	342
2925	635	341
2924	633	342
2923	633	343
2922	633	343
2921	617	344
2920	613	338
2919	619	345
2918	622	348
2917	611	340
2916	551	270
2915	546	257
2914	553	270
2913	553	272
2912	553	269
2911	552	270
2910	551	273
2909	547	275
2908	550	267
2907	550	267
2906	549	266
2905	549	266
2904	550	267
2903	550	267
2902	551	268
2901	549	269
2900	549	269
2899	551	268
2898	548	269
2897	550	268
2896	548	269
2895	549	269
2894	549	269
2893	549	269
2892	549	269
2891	548	263
2890	548	265
2889	548	265
2888	548	265
2887	549	265
2886	549	265
2885	549	265
2884	549	271
2883	550	271
2882	550	271
2881	550	271
2880	547	272
2879	547	272
2878	547	272
2877	549	271
2876	548	271
2875	549	271
2874	549	271
2873	548	272
2872	548	271
2871	548	272
2870	548	272
2869	565	228
2868	568	223
2867	567	220
2866	564	228
2865	568	216
2864	566	221
2863	566	223
2862	565	226
2861	564	226
2860	570	212
2859	573	212
2858	562	227
2857	571	176
2856	570	176
2855	578	220
2854	571	177
2853	572	176
2852	578	183
2851	583	191
2850	580	187
2849	580	187
2848	572	192
2847	576	204
2846	570	191
2845	571	182
2844	611	355
2843	608	352
2842	610	341
2841	588	367
2840	589	367
2839	607	334
2838	607	336
2837	607	332
2836	607	336
2835	607	335
2834	607	334
2833	607	333
2832	607	327
2831	607	326
2830	607	331
2829	607	329
2828	517	195
2827	517	195
2826	614	255
2825	614	255
2824	610	250
2823	607	245
2822	610	250
2821	615	257
2820	615	257
2819	610	249
2818	592	294
2817	606	325
2816	606	325
2815	605	320
2814	605	318
2813	602	308
2812	603	311
2811	602	309
2810	601	301
2809	602	302
2808	604	317
2807	604	317
2806	602	310
2805	602	310
2804	601	301
2803	604	316
2802	604	316
2801	602	308
2800	602	305
2799	604	313
2798	601	300
2797	601	301
2796	601	301
2795	604	315
2794	604	315
2793	550	203
2792	555	194
2791	555	194
2790	537	188
2789	488	297
2788	492	297
2787	488	297
2786	488	297
2785	493	296
2784	492	297
2783	493	296
2782	489	293
2781	476	296
2780	475	304
2779	500	170
2778	555	283
2777	559	284
2776	556	278
2775	557	277
2774	558	277
2773	558	277
2772	558	278
2771	558	278
2770	558	278
2769	558	279
2768	558	279
2767	558	278
2766	558	278
2765	569	273
2764	553	277
2763	552	277
2762	567	274
2761	567	273
2760	564	272
2759	561	276
2758	561	276
2757	562	274
2756	563	273
2755	560	277
2754	562	272
2753	575	286
2752	561	276
2751	561	276
2750	636	428
2749	602	443
2748	602	444
2747	602	444
2746	602	445
2745	602	445
2744	602	446
2743	602	445
2742	597	428
2741	596	426
2740	598	429
2739	597	429
2738	599	433
2737	599	433
2736	595	424
2735	600	435
2734	598	430
2733	601	441
2732	600	436
2731	597	428
2730	597	428
2729	595	424
2728	595	425
2727	597	428
2726	597	428
2725	600	433
2724	599	432
2723	600	439
2722	600	437
2721	597	428
2720	597	428
2719	596	426
2718	596	426
2717	600	433
2716	601	440
2715	600	440
2714	600	433
2713	600	433
2712	599	431
2711	598	430
2710	624	415
2709	617	406
2708	617	406
2707	646	420
2706	637	377
2705	634	483
2704	629	478
2703	601	461
2702	601	461
2701	603	453
2700	603	453
2699	602	455
2698	602	454
2697	604	452
2696	602	454
2695	602	454
2694	603	454
2693	604	451
2692	604	452
2691	604	451
2690	601	458
2689	601	460
2688	601	459
2687	602	456
2686	601	457
2685	602	457
2684	638	418
2683	638	418
2682	638	419
2681	635	419
2680	635	419
2679	637	419
2678	637	418
2677	638	415
2676	637	421
2675	602	385
2674	615	402
2673	597	208
2672	600	212
2671	597	208
2670	600	212
2669	549	162
2668	551	163
2667	552	141
2666	552	142
2665	554	139
2664	504	281
2663	507	284
2662	508	285
2661	518	345
2660	518	346
2659	522	329
2658	523	329
2657	503	256
2656	504	258
2655	498	228
2654	501	230
2653	514	232
2652	510	230
2651	514	232
2650	586	317
2649	582	324
2648	577	317
2647	435	273
2646	436	274
2645	436	276
2644	436	273
2643	435	273
2642	435	273
2641	435	274
2640	428	264
2639	427	264
2638	443	258
2637	584	363
2636	580	362
2635	576	361
2634	615	307
2633	600	297
2632	600	297
2631	600	297
2630	600	298
2629	610	286
2628	600	296
2627	616	305
2626	527	196
2625	535	200
2624	528	197
2623	534	199
2622	522	195
2621	521	194
2620	555	269
2619	555	269
2618	555	253
2617	554	254
2616	557	253
2615	562	260
2614	561	259
2613	573	251
2612	571	249
2611	571	246
2610	573	249
2609	571	247
2608	574	230
2607	541	253
2606	565	226
2605	566	235
2604	556	246
2603	569	241
2602	568	239
2601	568	241
2600	588	224
2599	588	224
2598	590	220
2597	590	220
2596	590	220
2595	591	222
2594	588	223
2593	591	223
2592	592	223
2591	588	225
2590	585	229
2589	586	228
2588	595	229
2587	590	229
2586	580	235
2585	580	235
2584	580	235
2583	576	235
2582	577	237
2581	576	235
2580	579	240
2579	579	240
2578	577	235
2577	579	240
2576	579	241
2575	578	236
2574	579	235
2573	585	233
2572	584	233
2571	584	233
2570	584	233
2569	585	234
2568	585	234
2567	585	233
2566	585	233
2565	585	234
2564	584	232
2563	585	233
2562	573	237
2561	573	235
2560	575	231
2559	575	231
2558	575	231
2557	575	231
2556	575	235
2555	574	234
2554	574	234
2553	576	231
2552	576	232
2551	582	233
2550	575	236
2549	575	236
2548	575	235
2547	575	235
2546	560	270
2545	557	269
2544	562	270
2543	562	269
2542	562	269
2541	561	270
2540	561	271
2539	561	273
2538	556	269
2537	562	271
2536	561	270
2535	561	270
2534	577	258
2533	576	261
2532	576	260
2531	561	270
2530	561	270
2529	561	270
2528	570	256
2527	573	253
2526	573	253
2525	572	254
2524	571	253
2523	569	256
2522	570	256
2521	570	256
2520	570	256
2519	574	259
2518	573	259
2517	569	257
2516	571	257
2515	571	257
2514	571	257
2513	571	257
2512	571	258
2511	574	260
2510	573	259
2509	571	261
2508	572	260
2507	563	266
2506	563	267
2505	564	265
2504	562	264
2503	563	263
2502	562	260
2501	569	256
2500	568	259
2499	564	262
2498	564	263
2497	567	259
2496	568	256
2495	569	257
2494	567	259
2493	568	260
2492	573	263
2491	573	263
2490	568	260
2489	569	261
2488	563	261
2487	564	259
2486	566	259
2485	567	260
2484	567	257
2483	584	246
2482	583	247
2481	581	248
2480	581	248
2479	580	249
2478	579	249
2477	579	248
2476	580	249
2475	582	247
2474	582	247
2473	583	247
2472	582	247
2471	579	249
2470	581	248
2469	581	248
2468	578	252
2467	578	251
2466	578	251
2465	577	251
2464	578	250
2463	579	246
2462	578	249
2461	573	246
2460	577	248
2459	577	248
2458	579	247
2457	578	249
2456	577	250
2455	577	249
2454	578	250
2453	574	247
2452	574	243
2451	574	243
2450	576	250
2449	576	251
2448	577	251
2447	573	253
2446	584	245
2445	577	254
2444	576	253
2443	576	254
2442	575	257
2441	576	255
2440	578	254
2439	577	256
2438	576	255
2437	576	255
2436	575	255
2435	576	255
2434	575	252
2433	576	254
2432	575	252
2431	578	255
2430	577	255
2429	576	255
2428	577	254
2427	562	252
2426	562	252
2425	568	256
2424	569	255
2423	563	250
2422	565	253
2421	566	253
2420	568	255
2419	587	239
2418	587	240
2417	587	239
2416	588	240
2415	587	239
2414	587	239
2413	588	239
2412	588	239
2411	587	239
2410	588	239
2409	588	238
2408	588	238
2407	585	242
2406	585	242
2405	586	240
2404	585	242
2403	586	241
2402	585	242
2401	587	237
2400	587	238
2399	587	238
2398	585	243
2397	587	236
2396	587	237
2395	585	243
2394	587	236
2393	586	239
2392	586	236
2391	586	239
2390	587	238
2389	587	237
2388	587	237
2387	585	242
2386	587	237
2385	587	237
2384	587	237
2383	588	236
2382	587	238
2381	588	241
2380	588	240
2379	588	240
2378	588	240
2377	588	241
2376	588	240
2375	589	242
2374	586	236
2373	590	238
2372	591	236
2371	591	235
2370	589	238
2369	590	235
2368	589	237
2367	589	234
2366	588	236
2365	587	235
2364	590	236
2363	590	235
2362	591	236
2361	589	234
2360	586	236
2359	587	235
2358	587	235
2357	589	234
2356	591	234
2355	588	235
2354	589	235
2353	588	236
2352	589	234
2351	589	235
2350	588	236
2349	591	234
2348	168	510
2347	169	511
2346	170	511
2345	176	510
2344	175	510
2343	173	511
2342	173	508
2341	173	508
2340	173	508
2339	173	508
2338	173	507
2337	173	507
2336	173	508
2335	173	508
2334	171	512
2333	172	512
2332	181	516
2331	181	516
2330	164	510
2329	165	510
2328	165	509
2327	188	510
2326	153	515
2325	160	515
2324	156	520
2323	147	561
2322	155	551
2321	157	552
2320	154	555
2319	151	556
2318	201	411
2317	201	412
2316	201	411
2315	228	538
2314	227	537
2313	228	538
2312	220	507
2311	219	506
2310	215	506
2309	227	537
2308	227	537
2307	227	539
2306	227	539
2305	227	539
2304	227	539
2303	227	539
2302	230	535
2301	232	536
2300	231	536
2299	233	533
2298	230	535
2297	232	533
2296	233	532
2295	232	532
2294	232	532
2293	229	533
2292	223	523
2291	224	524
2290	225	524
2289	227	529
2288	227	529
2287	234	538
2286	240	534
2285	244	563
2284	243	563
2283	240	561
2282	239	561
2281	236	558
2280	243	556
2279	241	562
2278	155	551
2277	184	518
2276	184	518
2275	184	518
2274	184	518
2273	181	527
2272	182	525
2271	184	518
2270	175	546
2269	175	544
2268	175	544
2267	176	537
2266	176	537
2265	176	537
2264	175	545
2263	175	545
2262	174	549
2261	174	546
2260	190	541
2259	188	545
2258	190	542
2257	195	536
2256	195	541
2255	196	542
2254	211	580
2253	201	565
2252	196	564
2251	202	564
2250	195	564
2249	195	563
2248	201	571
2247	200	562
2246	201	559
2245	201	571
2244	200	565
2243	201	574
2242	200	569
2241	222	431
2240	211	422
2239	218	430
2238	161	541
2237	162	543
2236	161	540
2235	163	540
2234	171	544
2233	174	534
2232	169	545
2231	163	546
2230	167	542
2229	167	539
2228	144	553
2227	145	552
2226	138	552
2225	140	554
2224	137	551
2223	147	550
2222	147	552
2221	147	551
2220	147	551
2219	148	551
2218	147	551
2217	147	552
2216	148	552
2215	247	562
2214	190	457
2213	186	474
2212	194	472
2211	182	476
2210	185	474
2209	196	479
2208	196	479
2207	195	479
2206	197	480
2205	194	478
2204	192	477
2203	197	480
2202	189	479
2201	190	472
2200	190	472
2199	190	472
2198	178	470
2197	193	452
2196	195	455
2195	191	452
2194	192	457
2193	195	455
2192	181	474
2191	185	474
2190	185	474
2189	189	474
2188	186	475
2187	197	461
2186	196	461
2185	197	473
2184	198	473
2183	193	466
2182	196	461
2181	196	461
2180	194	462
2179	195	463
2178	198	466
2177	200	461
2176	174	458
2175	172	455
2174	173	455
2173	177	446
2172	176	444
2171	193	440
2170	193	460
2169	192	460
2168	192	460
2167	192	460
2166	192	460
2165	186	457
2164	185	456
2163	186	457
2162	191	461
2161	188	457
2160	184	456
2159	192	461
2158	192	460
2157	190	461
2156	190	461
2155	191	459
2154	110	563
2153	123	571
2152	118	570
2151	117	570
2150	116	570
2149	113	566
2148	124	581
2147	124	572
2146	124	582
2145	116	577
2144	123	578
2143	111	574
2142	112	574
2141	118	578
2140	114	576
2139	124	579
2138	108	570
2137	119	596
2136	125	594
2135	127	592
2134	127	592
2133	127	600
2132	127	600
2131	127	600
2130	129	598
2129	244	458
2128	246	459
2127	245	459
2126	245	458
2125	227	432
2124	231	561
2123	228	559
2122	221	556
2121	219	555
2120	215	557
2119	205	562
2118	218	555
2117	222	557
2116	218	568
2115	222	550
2114	225	456
2113	221	449
2112	220	449
2111	224	435
2110	225	435
2109	225	436
2108	226	438
2107	226	438
2106	226	439
2105	227	440
2104	228	440
2103	229	441
2102	230	443
2101	230	443
2100	231	446
2099	231	447
2098	231	450
2097	231	450
2096	231	450
2095	231	451
2094	230	444
2093	230	444
2092	231	451
2091	231	451
2090	225	434
2089	226	433
2088	150	587
2087	148	583
2086	151	595
2085	147	572
2084	157	584
2083	147	573
2082	147	578
2081	147	573
2080	155	573
2079	154	565
2078	177	624
2077	193	632
2076	187	617
2075	185	614
2074	195	609
2073	200	616
2072	199	615
2071	199	615
2070	199	615
2069	201	616
2068	196	615
2067	199	615
2066	196	615
2065	202	608
2064	203	611
2063	202	612
2062	201	616
2061	199	615
2060	205	619
2059	203	613
2058	203	612
2057	203	611
2056	207	623
2055	228	580
2054	230	581
2053	235	591
2052	230	581
2051	229	581
2050	235	591
2049	234	591
2048	208	595
2047	205	611
2046	216	606
2045	212	609
2044	210	607
2043	205	609
2042	219	579
2041	218	580
2040	224	580
2039	217	579
2038	218	571
2037	218	570
2036	215	581
2035	203	579
2034	203	579
2033	207	623
2032	205	620
2031	207	623
2030	212	619
2029	204	613
2028	209	616
2027	209	616
2026	208	616
2025	208	616
2024	206	615
2023	207	615
2022	207	623
2021	203	611
2020	203	612
2019	207	622
2018	204	611
2017	203	611
2016	183	490
2015	189	497
2014	191	500
2013	191	500
2012	186	491
2011	184	490
2010	188	492
2009	204	502
2008	200	497
2007	208	506
2006	193	502
2005	199	494
2004	199	494
2003	199	494
2002	193	502
2001	193	502
2000	188	510
1999	188	493
1998	189	497
1997	189	509
1996	189	509
1995	189	509
1994	203	503
1993	150	539
1992	159	538
1991	147	548
1990	160	540
1989	145	546
1988	149	546
1987	153	543
1986	147	535
1985	146	546
1984	209	421
1983	209	420
1982	207	422
1981	186	598
1980	197	593
1979	188	590
1978	194	592
1977	195	592
1976	196	593
1975	186	589
1974	189	603
1973	184	591
1972	185	592
1971	208	461
1970	212	464
1969	212	466
1968	213	461
1967	211	465
1966	219	475
1965	224	476
1964	209	473
1963	206	472
1962	209	475
1961	211	473
1960	204	483
1959	212	473
1958	212	472
1957	219	469
1956	215	472
1955	210	474
1954	209	475
1953	215	471
1952	215	472
1951	219	470
1950	210	473
1949	211	473
1948	210	473
1947	210	473
1946	204	482
1945	212	473
1944	212	473
1943	210	450
1942	210	450
1941	232	469
1940	230	465
1939	230	465
1938	230	465
1937	207	461
1936	206	460
1935	236	489
1934	233	484
1933	229	482
1932	170	612
1931	170	621
1930	173	592
1929	157	605
1928	159	607
1927	165	613
1926	176	614
1925	132	585
1924	133	584
1923	133	584
1922	136	588
1921	136	588
1920	139	592
1919	127	581
1918	129	582
1917	131	583
1916	131	583
1915	133	584
1914	128	581
1913	134	584
1912	134	586
1911	134	585
1910	147	595
1909	143	608
1908	134	571
1907	134	596
1906	134	596
1905	142	595
1904	219	521
1903	224	534
1902	221	533
1901	218	529
1900	158	584
1899	161	581
1898	184	573
1897	183	571
1896	178	570
1895	179	570
1894	180	570
1893	181	570
1892	181	570
1891	185	572
1890	183	572
1889	184	581
1888	183	580
1887	183	580
1886	176	585
1885	177	583
1884	173	587
1883	186	579
1882	182	584
1881	180	582
1880	178	581
1879	186	582
1878	185	583
1877	175	553
1876	182	542
1875	181	542
1874	174	560
1873	172	556
1872	175	559
1871	174	562
1870	173	564
1869	173	565
1868	174	564
1867	173	563
1866	174	564
1865	173	564
1864	174	564
1863	173	564
1862	174	563
1861	174	563
1860	174	561
1859	173	561
1858	173	562
1857	175	564
1856	174	564
1855	174	562
1854	175	563
1853	170	556
1852	173	561
1851	173	562
1850	159	559
1849	171	569
1848	161	564
1847	171	568
1846	172	570
1845	171	568
1844	172	568
1843	172	568
1842	171	568
1841	171	568
1840	171	568
1839	172	566
1838	172	566
1837	172	565
1836	174	567
1835	173	565
1834	172	564
1833	172	565
1832	172	565
1831	174	566
1830	174	566
1829	171	564
1828	172	565
1827	160	561
1826	173	565
1825	173	566
1824	173	565
1823	173	569
1822	173	569
1821	172	568
1820	173	565
1819	173	565
1818	169	567
1817	168	566
1816	172	569
1815	173	569
1814	174	567
1813	173	579
1812	174	581
1811	157	566
1810	159	567
1809	166	576
1808	163	571
1807	166	576
1806	169	573
1805	170	569
1804	166	568
1803	162	569
1802	166	568
1801	166	569
1800	166	568
1799	172	571
1798	161	569
1797	167	570
1796	163	570
1795	166	568
1794	171	576
1793	173	574
1792	170	570
1791	165	569
1790	166	568
1789	165	569
1788	165	571
1787	162	566
1786	163	566
1785	185	552
1784	174	566
1783	188	563
1782	195	564
1781	174	565
1780	185	542
1779	175	566
1778	174	566
1777	197	542
1776	175	564
1775	175	566
1774	175	565
1773	174	564
1772	174	566
1771	174	565
1770	188	565
1769	191	562
1768	176	566
1767	182	561
1766	186	569
1765	183	566
1764	180	563
1763	182	568
1762	181	565
1761	181	566
1760	182	565
1759	176	567
1758	158	559
1757	162	554
1756	156	551
1755	163	563
1754	158	559
1753	161	554
1752	163	561
1751	161	554
1750	159	556
1749	161	561
1748	161	560
1747	164	558
1746	166	552
1745	168	544
1744	167	548
1743	165	559
1742	165	560
1741	165	559
1740	165	561
1739	165	561
1738	164	564
1737	165	566
1736	166	566
1735	166	567
1734	166	566
1733	167	565
1732	167	557
1731	170	555
1730	168	554
1729	173	563
1728	173	562
1727	165	556
1726	166	556
1725	168	554
1724	169	548
1723	170	552
1722	168	554
1721	168	554
1720	168	554
1719	173	564
1718	172	563
1717	173	563
1716	171	564
1715	171	564
1714	170	555
1713	171	564
1712	171	564
1711	169	548
1710	170	549
1709	371	463
1708	367	464
1707	377	460
1706	360	459
1705	375	455
1704	371	462
1703	361	460
1702	363	460
1701	367	446
1700	368	442
1699	364	447
1698	366	453
1697	366	453
1696	370	446
1695	365	448
1694	367	448
1693	368	447
1692	367	454
1691	367	454
1690	371	462
1689	369	459
1688	364	462
1687	361	454
1686	362	456
1685	365	457
1684	361	457
1683	363	457
1682	368	457
1681	361	448
1680	359	441
1679	359	439
1678	361	448
1677	361	449
1676	364	445
1675	361	440
1674	362	444
1673	363	442
1672	362	443
1671	361	442
1670	363	442
1669	359	438
1668	360	437
1667	375	456
1666	374	457
1665	339	432
1664	336	433
1663	337	432
1662	336	431
1661	336	431
1660	336	430
1659	335	429
1658	336	431
1657	336	431
1656	336	425
1655	337	424
1654	334	427
1653	333	423
1652	327	422
1651	346	422
1650	345	424
1649	346	423
1648	344	425
1647	344	425
1646	343	428
1645	346	426
1644	344	428
1643	346	423
1642	346	424
1641	344	428
1640	348	425
1639	342	426
1638	343	423
1637	348	425
1636	345	424
1635	338	429
1634	352	422
1633	352	422
1632	341	431
1631	339	424
1630	337	425
1629	338	424
1628	349	424
1627	350	422
1626	375	420
1625	371	421
1624	371	421
1623	372	424
1622	372	424
1621	371	421
1620	371	421
1619	371	422
1618	371	424
1617	370	419
1616	370	418
1615	370	417
1614	369	424
1613	369	424
1612	370	422
1611	368	426
1610	369	423
1609	372	415
1608	370	416
1607	368	416
1606	367	427
1605	370	422
1604	369	422
1603	370	422
1602	369	423
1601	366	424
1600	366	426
1599	366	424
1598	370	417
1597	369	422
1596	369	418
1595	369	418
1594	367	426
1593	368	413
1592	370	416
1591	370	417
1590	370	417
1589	371	420
1588	371	420
1587	371	421
1586	379	408
1585	378	424
1584	369	427
1583	368	427
1582	368	427
1581	366	434
1580	365	431
1579	368	427
1578	373	425
1577	367	435
1576	367	435
1575	363	442
1574	367	438
1573	374	427
1572	371	427
1571	370	428
1570	370	427
1569	371	427
1568	367	433
1567	362	422
1566	362	422
1565	364	420
1564	364	418
1563	364	419
1562	363	420
1561	363	419
1560	362	422
1559	361	425
1558	361	421
1557	360	423
1556	360	422
1555	359	424
1554	363	425
1553	361	424
1552	359	423
1551	364	423
1550	365	424
1549	363	423
1548	365	425
1547	364	428
1546	364	423
1545	364	423
1544	363	425
1543	364	427
1542	364	423
1541	365	425
1540	365	426
1539	366	419
1538	365	423
1537	364	423
1536	364	423
1535	362	430
1534	358	426
1533	360	427
1532	359	425
1531	358	426
1530	358	425
1529	358	425
1528	359	426
1527	361	427
1526	361	427
1525	361	427
1524	361	427
1523	357	435
1522	357	435
1521	359	432
1520	359	434
1519	361	428
1518	358	436
1517	359	432
1516	353	430
1515	351	435
1514	351	429
1513	354	428
1512	353	432
1511	354	431
1510	353	431
1509	353	430
1508	351	429
1507	359	443
1506	361	443
1505	354	438
1504	357	441
1503	360	442
1502	361	447
1501	360	449
1500	360	442
1499	358	438
1498	358	438
1497	356	440
1496	353	441
1495	356	445
1494	354	437
1493	359	447
1492	354	437
1491	356	439
1490	356	438
1489	356	437
1488	355	429
1487	356	431
1486	354	433
1485	357	427
1484	356	429
1483	356	430
1482	356	430
1481	356	436
1480	357	435
1479	356	430
1478	356	430
1477	356	431
1476	357	437
1475	357	436
1474	355	429
1473	355	429
1472	355	429
1471	357	436
1470	356	432
1469	354	432
1468	356	436
1467	354	432
1466	355	430
1465	356	429
1464	356	429
1463	356	429
1462	356	429
1461	356	428
1460	356	428
1459	356	430
1458	355	430
1457	357	457
1456	357	457
1455	360	450
1454	349	450
1453	351	446
1452	349	450
1451	351	445
1450	356	449
1449	357	448
1448	360	458
1447	360	459
1446	357	457
1445	361	453
1444	364	410
1443	366	414
1442	367	414
1441	366	415
1440	366	415
1439	366	414
1438	356	425
1437	360	419
1436	360	419
1435	357	424
1434	357	423
1433	358	420
1432	357	420
1431	358	420
1430	358	419
1429	357	424
1428	357	421
1427	356	425
1426	358	421
1425	359	423
1424	357	426
1423	357	425
1422	357	425
1421	358	424
1420	360	418
1419	366	417
1418	354	423
1417	355	425
1416	355	426
1415	355	427
1414	355	425
1413	357	419
1412	350	425
1411	352	427
1410	354	426
1409	351	426
1408	355	422
1407	355	422
1406	356	423
1405	355	421
1404	354	421
1403	354	421
1402	355	421
1401	355	421
1400	357	422
1399	356	422
1398	356	423
1397	357	421
1396	356	420
1395	355	423
1394	356	422
1393	356	422
1392	355	424
1391	354	423
1390	355	424
1389	354	423
1388	354	423
1387	354	423
1386	309	503
1385	331	456
1384	315	491
1383	321	491
1382	305	497
1381	323	504
1380	325	507
1379	323	504
1378	324	507
1377	323	504
1376	324	503
1375	323	504
1374	328	508
1373	329	509
1372	322	503
1371	321	506
1370	331	528
1369	328	537
1368	326	542
1367	326	533
1366	327	524
1365	330	526
1364	327	494
1363	327	494
1362	329	490
1361	327	494
1360	325	493
1359	323	492
1358	327	495
1357	327	494
1356	334	514
1355	335	514
1354	341	518
1353	335	514
1352	259	491
1351	259	491
1350	267	489
1349	265	489
1348	244	490
1347	244	490
1346	246	490
1345	243	490
1344	242	489
1343	248	496
1342	246	490
1341	242	478
1340	243	478
1339	247	495
1338	246	491
1337	244	497
1336	245	498
1335	250	497
1334	245	480
1333	255	476
1332	245	480
1331	245	480
1330	239	489
1329	239	489
1328	234	470
1327	237	472
1326	359	405
1325	358	405
1324	358	405
1323	360	397
1322	360	394
1321	364	396
1320	365	395
1319	362	399
1318	357	403
1317	357	404
1316	357	404
1315	360	398
1314	359	399
1313	359	399
1312	358	400
1311	360	397
1310	365	396
1309	365	395
1308	364	396
1307	361	397
1306	355	404
1305	355	405
1304	346	402
1303	348	405
1302	342	400
1301	345	400
1300	346	410
1299	346	410
1298	344	404
1297	350	401
1296	349	404
1295	349	405
1294	349	406
1293	349	405
1292	349	405
1291	348	406
1290	355	420
1289	353	419
1288	346	422
1287	352	417
1286	353	419
1285	354	419
1284	354	420
1283	353	418
1282	352	419
1281	353	418
1280	352	417
1279	352	417
1278	352	416
1277	352	417
1276	352	417
1275	345	415
1274	353	417
1273	352	416
1272	353	416
1271	353	416
1270	353	417
1269	354	418
1268	353	416
1267	352	414
1266	352	414
1265	350	410
1264	344	417
1263	351	419
1262	346	417
1261	351	417
1260	348	413
1259	350	414
1258	350	414
1257	348	414
1256	350	414
1255	351	414
1254	424	447
1253	434	437
1252	438	425
1251	438	426
1250	272	340
1249	271	340
1248	342	321
1247	335	321
1246	335	321
1245	335	321
1244	335	322
1243	326	316
1242	315	309
1241	309	305
1240	311	305
1239	325	315
1238	318	310
1237	332	322
1236	476	346
1235	479	344
1234	478	343
1233	478	343
1232	477	343
1231	470	337
1230	471	337
1229	503	476
1228	508	478
1227	506	477
1226	500	473
1225	502	475
1224	503	476
1223	503	476
1222	504	543
1221	501	541
1220	497	534
1219	494	530
1218	491	540
1217	504	542
1216	504	543
1215	499	519
1214	480	544
1213	480	544
1212	483	545
1211	480	544
1210	382	376
1209	365	360
1208	369	363
1207	365	360
1206	365	359
1205	365	360
1204	366	356
1203	365	355
1202	366	356
1201	359	337
1200	448	449
1199	456	448
1198	452	445
1197	453	445
1196	450	450
1195	449	450
1194	433	452
1193	430	448
1192	433	452
1191	433	452
1190	442	459
1189	433	452
1188	433	452
1187	445	449
1186	451	472
1185	448	469
1184	442	469
1183	479	463
1182	454	463
1181	460	461
1180	460	461
1179	465	468
1178	463	463
1177	462	462
1176	458	462
1175	459	469
1174	461	461
1173	454	471
1172	454	471
1171	463	460
1170	463	459
1169	458	458
1168	465	460
1167	463	460
1166	463	460
1165	463	459
1164	460	458
1163	460	457
1162	467	446
1161	467	446
1160	468	447
1159	468	445
1158	468	445
1157	459	457
1156	461	453
1155	461	453
1154	474	437
1153	439	459
1152	458	451
1151	458	452
1150	457	449
1149	458	448
1148	459	452
1147	459	452
1146	457	449
1145	458	450
1144	453	455
1143	453	455
1142	454	456
1141	454	456
1140	457	457
1139	456	457
1138	457	457
1137	457	458
1136	452	455
1135	455	456
1134	457	456
1133	456	458
1132	456	457
1131	456	457
1130	454	457
1129	455	457
1128	456	458
1127	453	456
1126	454	456
1125	456	454
1124	456	454
1123	457	456
1122	456	456
1121	454	455
1120	455	454
1119	455	454
1118	453	456
1117	454	455
1116	455	453
1115	453	455
1114	454	454
1113	454	454
1112	455	455
1111	455	455
1110	456	455
1109	456	456
1108	456	456
1107	454	462
1106	455	462
1105	454	459
1104	454	457
1103	455	462
1102	455	460
1101	455	460
1100	455	458
1099	453	459
1098	452	457
1097	451	460
1096	450	459
1095	452	458
1094	451	459
1093	451	462
1092	450	460
1091	453	462
1090	450	452
1089	451	452
1088	458	459
1087	458	462
1086	458	462
1085	458	459
1084	450	452
1083	450	452
1082	451	452
1081	458	458
1080	452	450
1079	451	452
1078	458	444
1077	449	462
1076	448	461
1075	444	462
1074	445	465
1073	449	462
1072	449	462
1071	445	455
1070	447	463
1069	448	461
1068	451	457
1067	450	456
1066	449	458
1065	447	455
1064	450	459
1063	477	383
1062	477	383
1061	478	388
1060	476	387
1059	476	388
1058	476	385
1057	477	383
1056	483	403
1055	483	404
1054	483	403
1053	474	375
1052	474	375
1051	480	387
1050	345	291
1049	349	294
1048	356	293
1047	360	294
1046	355	291
1045	355	291
1044	356	293
1043	362	296
1042	359	294
1041	357	294
1040	357	295
1039	357	295
1038	358	297
1037	359	291
1036	356	294
1035	237	410
1034	241	409
1033	248	420
1032	253	419
1031	462	342
1030	462	342
1029	465	338
1028	449	333
1027	450	334
1026	468	351
1025	469	342
1024	469	346
1023	469	341
1022	469	345
1021	468	351
1020	468	351
1019	465	344
1018	468	346
1017	469	346
1016	468	345
1015	467	351
1014	466	344
1013	258	372
1012	257	368
1011	256	369
1010	261	368
1009	257	368
1008	257	353
1007	256	371
1006	256	370
1005	256	370
1004	257	370
1003	268	382
1002	275	384
1001	261	372
1000	265	372
999	248	375
998	229	364
997	238	367
996	238	367
995	231	364
994	231	364
993	236	366
992	235	366
991	238	367
990	242	370
989	349	307
988	349	307
987	347	306
986	351	308
985	349	307
984	342	304
983	342	321
982	320	296
981	329	299
980	325	297
979	324	297
978	400	362
977	397	360
976	384	361
975	390	363
974	387	363
973	397	360
972	390	363
971	387	352
970	388	354
969	394	360
968	414	368
967	406	366
966	404	367
965	423	377
964	420	377
963	416	372
962	416	372
961	414	361
960	414	357
959	412	355
958	426	386
957	427	390
956	436	382
955	403	354
954	403	354
953	402	352
952	338	504
951	343	487
950	338	504
949	343	487
948	336	489
947	346	495
946	360	495
945	359	495
944	336	490
943	341	492
942	341	492
941	340	491
940	343	493
939	344	495
938	346	495
937	347	495
936	346	495
935	344	495
934	348	494
933	335	514
932	339	516
931	340	517
930	336	514
929	282	342
928	279	342
927	277	342
926	276	341
925	288	334
924	432	471
923	431	472
922	430	473
921	406	498
920	418	443
919	276	432
918	282	436
917	287	435
916	287	435
915	280	436
914	276	431
913	276	445
912	275	446
911	277	445
910	279	444
909	274	433
908	276	431
907	281	481
906	279	444
905	284	443
904	283	443
903	283	443
902	282	455
901	286	453
900	290	451
899	284	446
898	272	477
897	276	478
896	276	480
895	300	454
894	280	478
893	451	407
892	452	408
891	455	409
890	452	408
889	452	408
888	452	407
887	343	355
886	339	354
885	344	360
884	342	360
883	343	360
882	415	341
881	415	341
880	418	328
879	417	327
878	415	324
877	415	324
876	418	324
875	418	324
874	415	324
873	416	326
872	415	328
871	415	324
870	416	319
869	428	330
868	418	324
867	417	320
866	417	320
865	417	320
864	416	320
863	417	319
862	417	318
861	417	318
860	416	318
859	416	318
858	396	311
857	399	311
856	392	319
855	390	317
854	406	318
853	409	328
852	412	328
851	414	322
850	412	324
849	414	322
848	413	321
847	413	321
846	409	318
845	411	319
844	411	319
843	411	319
842	416	319
841	412	320
840	412	317
839	422	335
838	437	327
837	433	325
836	435	326
835	422	335
834	431	327
833	431	327
832	428	330
831	431	327
830	432	327
829	434	326
828	514	494
827	514	494
826	518	501
825	503	505
824	513	493
823	511	492
822	512	503
821	503	505
820	510	493
819	511	492
818	513	480
817	514	481
816	515	481
815	515	481
814	514	480
813	514	480
812	516	482
811	516	482
810	382	296
809	381	294
808	380	295
807	371	332
806	373	333
805	374	333
804	380	339
803	380	340
802	378	337
801	366	325
800	368	326
799	364	324
798	361	324
797	354	317
796	357	320
795	365	337
794	366	337
793	514	464
792	513	464
791	508	447
790	264	440
789	261	438
788	261	437
787	258	433
786	260	439
785	259	437
784	259	437
783	260	439
782	260	439
781	265	439
780	257	436
779	263	440
778	264	439
777	258	435
776	263	438
775	262	437
774	260	436
773	259	436
772	261	441
771	261	441
770	257	452
769	254	453
768	255	453
767	257	452
766	258	444
765	257	452
764	257	446
763	257	440
762	258	441
761	239	440
760	257	440
759	241	430
758	255	447
757	254	453
756	257	447
755	254	446
754	255	446
753	268	449
752	275	446
751	268	449
750	268	400
749	270	462
748	272	444
747	275	446
746	272	465
745	268	440
744	271	444
743	263	476
742	261	475
741	243	431
740	248	433
739	250	434
738	254	434
737	255	435
736	268	449
735	273	453
734	260	471
733	262	443
732	262	451
731	263	451
730	263	451
729	263	451
728	262	451
727	245	458
726	264	444
725	278	403
724	267	400
723	275	401
722	257	471
721	262	443
720	262	442
719	246	450
718	243	445
717	258	470
716	257	469
715	266	445
714	368	304
713	382	314
712	386	316
711	370	304
710	374	311
709	379	312
708	382	314
707	383	314
706	375	313
705	368	294
704	372	296
703	375	313
702	376	312
701	394	308
700	386	316
699	355	318
698	357	318
697	288	348
696	289	346
695	470	480
694	463	498
693	506	381
692	505	380
691	485	421
690	485	421
689	490	417
688	489	420
687	489	416
686	489	416
685	490	417
684	461	414
683	497	418
682	489	417
681	490	416
680	467	416
679	489	419
678	486	420
677	486	420
676	485	421
675	515	428
674	507	426
673	504	417
672	474	428
671	475	428
670	496	398
669	483	398
668	484	417
667	483	405
666	483	398
665	484	412
664	484	417
663	484	412
662	483	402
661	483	402
660	484	403
659	484	417
658	482	387
657	430	584
656	430	590
655	425	210
654	431	214
653	429	213
652	433	216
651	419	208
650	429	223
649	411	208
648	419	225
647	429	239
646	436	228
645	419	225
644	419	226
643	473	488
642	497	506
641	483	508
640	494	490
639	496	500
638	497	501
637	495	495
636	494	491
635	495	496
634	494	491
633	494	491
632	503	506
631	494	491
630	503	506
629	502	506
628	386	475
627	391	490
626	386	475
625	386	475
624	391	489
623	390	498
622	398	460
621	389	498
620	387	497
619	385	496
618	385	496
617	389	497
616	292	436
615	294	439
614	291	443
613	293	443
612	291	443
611	293	443
610	298	442
609	293	437
608	291	443
607	295	450
606	302	454
605	301	453
604	343	374
603	337	388
602	338	389
601	338	386
600	330	382
599	328	370
598	326	375
597	344	408
596	336	394
595	334	391
594	333	391
593	342	407
592	341	416
591	344	415
590	333	397
589	333	398
588	341	413
587	340	407
586	337	402
585	341	416
584	340	411
583	343	379
582	331	406
581	331	406
580	330	405
579	332	403
578	332	403
577	331	403
576	329	404
575	329	404
574	330	408
573	331	408
572	332	408
571	332	408
570	328	409
569	327	408
568	318	401
567	309	400
566	330	412
565	320	401
564	322	398
563	318	396
562	314	400
561	317	403
560	316	400
559	338	415
558	341	416
557	341	416
556	342	421
555	341	416
554	333	398
553	328	402
552	336	406
551	336	405
550	336	405
549	323	399
548	326	400
547	321	403
546	326	408
545	327	387
544	285	394
543	285	394
542	285	394
541	285	394
540	293	372
539	299	372
538	297	369
537	296	368
536	296	368
535	297	369
534	307	365
533	315	366
532	307	365
531	302	365
530	312	351
529	312	351
528	332	345
527	312	351
526	327	345
525	479	542
524	480	544
523	479	544
522	478	543
521	477	543
520	470	534
519	472	535
518	472	535
517	465	560
516	477	533
515	378	595
514	382	580
513	382	580
512	383	600
511	382	599
510	381	575
509	383	594
508	382	577
507	381	576
506	387	580
505	388	581
504	388	581
503	384	578
502	380	576
501	381	577
500	379	579
499	395	598
498	395	598
497	404	593
496	391	603
495	391	603
494	387	598
493	396	606
492	401	589
491	398	588
490	395	605
489	385	612
488	382	563
487	382	565
486	383	563
485	302	472
484	302	472
483	304	472
482	305	462
481	325	436
480	327	435
479	328	435
478	328	434
477	328	434
476	329	434
475	326	436
474	328	434
473	333	432
472	333	432
471	333	434
470	331	433
469	336	433
468	331	430
467	331	430
466	321	434
465	324	436
464	322	435
463	321	435
462	320	439
461	323	439
460	323	439
459	319	439
458	324	436
457	320	439
456	391	419
455	386	426
454	391	442
453	388	439
452	378	420
451	384	405
450	382	422
449	380	433
448	485	337
447	479	331
446	478	330
445	481	333
444	483	321
443	485	321
442	487	320
441	487	319
440	480	315
439	474	326
438	474	326
437	469	336
436	468	322
435	468	325
434	464	325
433	469	325
432	468	325
431	468	325
430	468	325
429	501	313
428	504	312
427	468	334
426	469	333
425	343	564
424	364	601
423	361	563
422	360	562
421	356	544
420	362	584
419	342	563
418	371	579
417	370	578
416	366	578
415	366	578
414	365	579
413	534	413
412	527	408
411	524	438
410	537	398
409	332	560
408	330	558
407	333	560
406	333	560
405	330	529
404	328	536
403	328	536
402	335	559
401	336	563
400	335	563
399	337	550
398	335	547
397	335	547
396	330	528
395	337	544
394	336	544
393	336	543
392	323	381
391	318	368
390	323	381
389	324	367
388	302	397
387	304	398
386	307	398
385	317	368
384	377	378
383	368	390
382	368	390
381	377	378
380	378	384
379	372	382
378	375	383
377	377	385
376	373	383
375	360	377
374	369	377
373	369	377
372	360	391
371	404	408
370	491	459
369	492	461
368	492	461
367	491	456
366	484	469
365	484	469
364	492	461
363	477	462
362	491	472
361	487	472
360	497	456
359	501	464
358	495	471
357	493	343
356	496	346
355	497	347
354	497	347
353	493	343
352	492	342
351	491	340
350	459	341
349	450	334
348	455	337
347	450	335
346	451	354
345	448	356
344	456	351
343	452	363
342	452	363
341	449	367
340	448	367
339	452	362
338	452	362
337	452	361
336	450	334
335	381	462
334	383	469
333	383	469
332	379	461
331	378	477
330	373	464
329	379	461
328	378	460
327	386	474
326	385	470
325	385	470
324	372	463
323	386	475
322	387	473
321	399	428
320	396	429
319	389	427
318	388	427
317	388	427
316	390	427
315	407	435
314	405	433
313	399	431
312	401	449
311	408	436
310	417	421
309	423	410
308	412	428
307	393	419
306	412	438
305	410	437
304	409	436
303	415	441
302	415	440
301	413	439
300	412	421
299	385	265
298	386	267
297	386	266
296	387	265
295	432	472
294	432	471
293	410	307
292	409	306
291	403	286
290	396	287
289	401	287
288	405	308
287	405	308
286	403	286
285	401	288
284	398	293
283	402	287
282	401	288
281	403	287
280	414	282
279	417	290
278	409	286
277	228	404
276	232	401
275	230	395
274	312	432
273	306	440
272	306	440
271	306	440
270	309	440
269	303	435
268	306	441
267	303	436
266	306	440
265	315	436
264	314	440
263	314	440
262	311	440
261	311	440
260	301	441
259	298	442
258	302	441
257	304	446
256	304	447
255	300	445
254	301	441
253	311	441
252	311	442
251	354	408
250	354	408
249	354	408
248	355	413
247	364	408
246	353	414
245	351	406
244	351	405
243	352	408
242	353	413
241	355	406
240	355	417
239	356	419
238	356	419
237	354	416
236	353	415
235	408	541
234	408	541
233	405	536
232	405	536
231	262	560
230	267	525
229	264	524
228	268	526
227	268	526
226	268	526
225	260	519
224	256	511
223	448	334
222	444	330
221	449	334
220	446	336
219	446	336
218	447	335
217	438	369
216	438	369
215	436	363
214	439	329
213	441	374
212	430	350
211	402	503
210	402	503
209	407	511
208	412	514
207	411	513
206	411	513
205	402	503
204	408	505
203	401	510
202	401	510
201	401	510
200	402	517
199	401	516
198	400	516
197	402	517
196	402	517
195	402	517
194	396	514
193	398	501
192	397	507
191	398	508
190	399	509
189	399	509
188	396	513
187	397	513
186	398	514
185	398	514
184	393	506
183	412	508
182	412	508
181	410	507
180	411	507
179	411	507
178	417	517
177	414	515
176	418	510
175	421	511
174	418	510
173	402	519
172	394	517
171	469	311
170	469	303
169	469	303
168	469	309
167	467	310
166	469	309
165	469	309
164	467	310
163	460	315
162	460	314
161	450	309
160	455	310
159	459	314
158	459	314
157	462	315
156	448	305
155	449	305
154	448	306
153	446	321
152	356	461
151	356	462
150	349	473
149	349	473
148	357	459
147	356	460
146	354	455
145	353	469
144	354	464
143	354	464
142	354	465
141	355	455
140	348	472
139	348	472
138	349	472
137	349	472
136	350	473
135	351	474
134	350	473
133	349	473
132	343	462
131	344	462
130	282	482
129	288	493
128	294	495
127	298	497
126	297	496
125	293	495
124	318	557
123	318	557
122	320	558
121	309	556
120	305	552
119	322	557
118	318	557
117	323	547
116	323	547
115	318	557
114	322	548
113	325	543
112	324	544
111	324	544
110	300	538
109	301	537
108	445	510
107	449	534
106	455	542
105	455	542
104	446	511
103	453	540
102	445	509
101	464	501
100	435	523
99	431	522
98	426	515
97	430	516
96	430	516
95	433	517
94	438	518
93	438	518
92	433	517
91	461	502
90	425	516
89	426	515
88	468	511
87	470	516
86	461	518
85	455	525
84	456	525
83	462	529
82	465	528
81	444	531
80	446	522
79	450	523
78	449	523
77	450	523
76	449	523
75	446	522
74	450	523
73	449	529
72	448	527
71	446	522
70	421	565
69	421	563
68	421	563
67	422	565
66	419	560
65	419	560
64	417	581
63	417	581
62	295	363
61	293	364
60	293	364
59	294	364
58	295	366
57	295	366
56	293	365
55	299	365
54	302	365
53	303	333
52	311	346
49	306	332
48	300	359
47	283	366
46	286	370
45	285	369
44	285	369
43	405	268
42	403	267
41	406	257
40	405	258
39	403	265
38	490	449
37	488	431
36	489	443
35	490	450
34	490	449
33	489	443
32	488	430
31	487	427
30	484	429
29	490	423
28	487	427
27	489	428
26	490	424
25	496	425
24	490	429
23	504	436
22	496	434
21	493	430
20	486	428
19	487	427
18	487	428
17	486	428
16	511	94
15	603	242
14	607	245
13	607	245
12	581	224
11	573	242
10	590	257
9	357	632
8	595	212
7	594	212
6	592	243
5	586	235
4	590	243
3	463	10
2	473	0
1	541	268
0	608	251
